  0.000000000000e+00   5.806000000000e+06   1.500000000000e+01   0.000000000000e+00 
  5.000000000000e-02   5.805999621855e+06   1.525209636586e+01   1.260481891013e-01 
  8.264574120598e-01   5.805992857775e+06   1.976148199860e+01   2.380743249040e+00 
  2.876645761094e+00   5.805963770043e+06   3.915326584870e+01   1.207669135112e+01 
  5.179481983009e+00   5.805895981394e+06   8.434541864150e+01   3.467318761958e+01 
  6.914022255643e+00   5.805796808253e+06   1.504599576049e+02   6.773178895291e+01 
  8.385527962441e+00   5.805653700544e+06   2.458628148221e+02   1.154366415602e+02 
  9.616659128979e+00   5.805466323408e+06   3.707761329210e+02   1.779004588322e+02 
  1.067067638673e+01   5.805231929205e+06   5.270301211820e+02   2.560406736952e+02 
  1.159242608893e+01   5.804947328579e+06   7.167489226711e+02   3.509224983910e+02 
  1.241190033670e+01   5.804609392259e+06   9.420160036629e+02   4.635917377760e+02 
  1.314986219674e+01   5.804215132344e+06   1.204819882448e+03   5.950477736652e+02 
  1.382127495726e+01   5.803761697208e+06   1.507057446850e+03   7.462453454944e+02 
  1.443729373430e+01   5.803246354384e+06   1.850545279440e+03   9.181003362890e+02 
  1.500646717783e+01   5.802666474610e+06   2.237030214253e+03   1.111495175661e+03 
  1.553549689009e+01   5.802019518445e+06   2.668198171575e+03   1.327283383166e+03 
  1.605504235849e+01   5.801263046031e+06   3.172323354905e+03   1.579630614570e+03 
  1.652054329856e+01   5.800464801837e+06   3.704250242600e+03   1.845947920031e+03 
  1.697663959027e+01   5.799553168583e+06   4.311691451205e+03   2.150139966224e+03 
  1.738989805391e+01   5.798598924678e+06   4.947473862045e+03   2.468601459604e+03 
  1.779565829586e+01   5.797525427821e+06   5.662648032503e+03   2.826924146261e+03 
  1.818537103654e+01   5.796348836969e+06   6.446428185364e+03   3.219734846101e+03 
  1.855707372428e+01   5.795075516472e+06   7.294554438587e+03   3.644929089741e+03 
  1.891121589355e+01   5.793707192948e+06   8.205855607159e+03   4.101951445056e+03 
  1.924900197197e+01   5.792243495604e+06   9.180556061662e+03   4.590948334838e+03 
  1.957177972017e+01   5.790683132969e+06   1.021949142627e+04   5.112375604505e+03 
  1.988083261642e+01   5.789024420234e+06   1.132375707324e+04   5.666822692656e+03 
  2.017732161238e+01   5.787265510150e+06   1.249455415911e+04   6.254935690924e+03 
  2.046227935240e+01   5.785404491869e+06   1.373312366080e+04   6.877384470465e+03 
  2.073662098090e+01   5.783439431907e+06   1.504071896857e+04   7.534849124351e+03 
  2.100115871249e+01   5.781368390081e+06   1.641859515054e+04   8.228014767986e+03 
  2.125661588002e+01   5.779189424766e+06   1.786800532568e+04   8.957569907981e+03 
  2.150363926537e+01   5.776900593650e+06   1.939020003124e+04   9.724206318926e+03 
  2.174280957738e+01   5.774499952634e+06   2.098642782107e+04   1.052861954457e+04 
  2.197465026904e+01   5.771985553982e+06   2.265793636179e+04   1.137150965652e+04 
  2.219963495112e+01   5.769355444176e+06   2.440597371103e+04   1.225358211259e+04 
  2.241819364649e+01   5.766607661676e+06   2.623178966487e+04   1.317554865877e+04 
  2.263071808970e+01   5.763740234636e+06   2.813663711716e+04   1.413812824667e+04 
  2.283756624151e+01   5.760751178609e+06   3.012177342626e+04   1.514204796495e+04 
  2.303906615336e+01   5.757638494239e+06   3.218846178009e+04   1.618804398079e+04 
  2.323551929212e+01   5.754400164940e+06   3.433797256489e+04   1.727686249499e+04 
  2.342720341364e+01   5.751034154542e+06   3.657158474369e+04   1.840926071456e+04 
  2.361437505769e+01   5.747538404901e+06   3.889058725155e+04   1.958600784719e+04 
  2.379727172235e+01   5.743910833477e+06   4.129628040510e+04   2.080788611746e+04 
  2.397611376763e+01   5.740149330842e+06   4.378997734393e+04   2.207569181455e+04 
  2.415110608740e+01   5.736251758128e+06   4.637300550095e+04   2.339023637136e+04 
  2.432243958375e+01   5.732215944401e+06   4.904670811559e+04   2.475234748306e+04 
  2.449029247090e+01   5.728039683947e+06   5.181244578750e+04   2.616287026532e+04 
  2.465483143276e+01   5.723720733450e+06   5.467159808744e+04   2.762266846221e+04 
  2.481621265294e+01   5.719256809079e+06   5.762556521893e+04   2.913262570197e+04 
  2.497458273497e+01   5.714645583431e+06   6.067576975475e+04   3.069364681462e+04 
  2.513007952597e+01   5.709884682351e+06   6.382365843969e+04   3.230665920895e+04 
  2.528283285631e+01   5.704971681605e+06   6.707070407596e+04   3.397261431919e+04 
  2.543296520584e+01   5.699904103369e+06   7.041840750215e+04   3.569248912923e+04 
  2.558059230494e+01   5.694679412560e+06   7.386829966404e+04   3.746728777579e+04 
  2.572582367918e+01   5.689295012946e+06   7.742194380624e+04   3.929804324814e+04 
  2.586876314319e+01   5.683748243039e+06   8.108093777733e+04   4.118581918349e+04 
  2.600950925004e+01   5.678036371764e+06   8.484691646627e+04   4.313171177011e+04 
  2.614815570121e+01   5.672156593843e+06   8.872155438654e+04   4.513685177051e+04 
  2.628479172144e+01   5.666106024912e+06   9.270656841614e+04   4.720240667225e+04 
  2.641950240273e+01   5.659881696294e+06   9.680372072066e+04   4.932958298489e+04 
  2.655236902035e+01   5.653480549451e+06   1.010148218606e+05   5.151962868831e+04 
  2.668346932421e+01   5.646899430037e+06   1.053417341113e+05   5.377383585188e+04 
  2.681287780866e+01   5.640135081531e+06   1.097863750234e+05   5.609354344520e+04 
  2.694066596211e+01   5.633184138434e+06   1.143507212211e+05   5.848014034468e+04 
  2.706690249974e+01   5.626043118934e+06   1.190368124943e+05   6.093506857212e+04 
  2.719165358073e+01   5.618708417020e+06   1.238467561990e+05   6.345982678114e+04 
  2.731498301152e+01   5.611176293999e+06   1.287827319892e+05   6.605597401145e+04 
  2.743695243745e+01   5.603442869309e+06   1.338469969392e+05   6.872513375157e+04 
  2.755762152347e+01   5.595504110601e+06   1.390418910705e+05   7.146899832883e+04 
  2.767704812563e+01   5.587355822989e+06   1.443698433422e+05   7.428933366850e+04 
  2.779528845498e+01   5.578993637372e+06   1.498333781617e+05   7.718798446649e+04 
  2.791239723421e+01   5.570412997742e+06   1.554351224499e+05   8.016687980811e+04 
  2.802842784901e+01   5.561609147361e+06   1.611778133444e+05   8.322803929463e+04 
  2.814343249487e+01   5.552577113658e+06   1.670643066091e+05   8.637357973302e+04 
  2.825746232020e+01   5.543311691734e+06   1.730975858185e+05   8.960572244700e+04 
  2.837056756765e+01   5.533807426250e+06   1.792807724461e+05   9.292680130351e+04 
  2.848279771326e+01   5.524058591605e+06   1.856171368935e+05   9.633927150181e+04 
  2.859420160646e+01   5.514059170036e+06   1.921101106854e+05   9.984571927850e+04 
  2.870482760999e+01   5.503802827573e+06   1.987632998508e+05   1.034488725760e+05 
  2.881472374267e+01   5.493282887395e+06   2.055804997489e+05   1.071516128564e+05 
  2.892393782521e+01   5.482492300358e+06   2.125657114661e+05   1.109569881762e+05 
  2.903251763057e+01   5.471423612316e+06   2.197231599918e+05   1.148682276921e+05 
  2.914051104143e+01   5.460068927669e+06   2.270573144947e+05   1.188887578364e+05 
  2.924796621425e+01   5.448419868857e+06   2.345729108333e+05   1.230222203098e+05 
  2.935493175416e+01   5.436467530962e+06   2.422749767904e+05   1.272724922477e+05 
  2.946145690108e+01   5.424202430896e+06   2.501688602973e+05   1.316437088069e+05 
  2.956759172968e+01   5.411614450342e+06   2.582602611107e+05   1.361402885475e+05 
  2.967338736666e+01   5.398692771427e+06   2.665552665093e+05   1.407669620632e+05 
  2.977889622690e+01   5.385425804177e+06   2.750603915157e+05   1.455288043070e+05 
  2.988417227315e+01   5.371801104332e+06   2.837826244263e+05   1.504312712417e+05 
  2.998927130223e+01   5.357805280130e+06   2.927294784005e+05   1.554802414696e+05 
  3.009425126271e+01   5.343423886230e+06   3.019090500984e+05   1.606820636713e+05 
  3.019917260795e+01   5.328641302865e+06   3.113300863795e+05   1.660436107557e+05 
  3.030409869106e+01   5.313440597721e+06   3.210020604036e+05   1.715723418759e+05 
  3.040909620671e+01   5.297803367952e+06   3.309352584909e+05   1.772763735569e+05 
  3.051423568661e+01   5.281709559151e+06   3.411408793947e+05   1.831645614542e+05 
  3.061959205329e+01   5.265137258071e+06   3.516311475828e+05   1.892465943459e+05 
  3.072524523902e+01   5.248062455186e+06   3.624194424899e+05   1.955331023240e+05 
  3.083128087087e+01   5.230458773698e+06   3.735204452473e+05   2.020357810551e+05 
  3.093779102029e+01   5.212297161795e+06   3.849503041576e+05   2.087675340478e+05 
  3.104487500654e+01   5.193545546347e+06   3.967268191634e+05   2.157426344896e+05 
  3.115264022495e+01   5.174168449692e+06   4.088696432284e+05   2.229769070800e+05 
  3.126120294443e+01   5.154126576997e+06   4.214004947556e+05   2.304879282471e+05 
  3.137068896665e+01   5.133376393673e+06   4.343433676002e+05   2.382952387271e+05 
  3.148123395253e+01   5.111869733780e+06   4.477247118949e+05   2.464205543246e+05 
  3.159298307721e+01   5.089553518147e+06   4.615735358395e+05   2.548879460134e+05 
  3.170608942595e+01   5.066369728189e+06   4.759213379073e+05   2.637239339037e+05 
  3.182071014326e+01   5.042255895276e+06   4.908017109146e+05   2.729573938095e+05 
  3.193699871687e+01   5.017146553345e+06   5.062493483564e+05   2.826190982989e+05 
  3.205509086440e+01   4.990976392457e+06   5.222980143749e+05   2.927405931685e+05 
  3.217508039777e+01   4.963686240261e+06   5.389768167845e+05   3.033519429548e+05 
  3.229698075787e+01   4.935233363025e+06   5.563039272493e+05   3.144777097259e+05 
  3.242066942946e+01   4.905607459777e+06   5.742770035327e+05   3.261305366906e+05 
  3.254581974262e+01   4.874852078987e+06   5.928606046546e+05   3.383023163582e+05 
  3.267184122480e+01   4.843086690066e+06   6.119736046075e+05   3.509547053267e+05 
  3.279787068315e+01   4.810517931845e+06   6.314835287373e+05   3.640135394176e+05 
  3.292285701443e+01   4.777425948121e+06   6.512160153784e+05   3.773730365004e+05 
  3.304573604633e+01   4.744122225131e+06   6.709810073713e+05   3.909117674981e+05 
  3.316562242323e+01   4.710895290920e+06   6.906053857622e+05   4.045143233183e+05 
  3.328192891088e+01   4.677969663290e+06   7.099568424480e+05   4.180884942620e+05 
  3.339438008373e+01   4.645491567904e+06   7.289513506755e+05   4.315720814208e+05 
  3.350295151357e+01   4.613537074980e+06   7.475473258357e+05   4.449305991838e+05 
  3.360778471217e+01   4.582130463893e+06   7.657340025550e+05   4.581505335520e+05 
  3.370911185030e+01   4.551262988752e+06   7.835198990429e+05   4.712321122050e+05 
  3.380720235216e+01   4.520907537827e+06   8.009239577383e+05   4.841835044345e+05 
  3.390233026313e+01   4.491028471744e+06   8.179696846683e+05   4.970168435877e+05 
  3.399475677621e+01   4.461587559430e+06   8.346816680930e+05   5.097457724772e+05 
  3.408472233335e+01   4.432547242548e+06   8.510837035450e+05   5.223840539072e+05 
  3.417244419175e+01   4.403872244850e+06   8.671979016199e+05   5.349448535302e+05 
  3.425811683210e+01   4.375530227176e+06   8.830443546714e+05   5.474404181525e+05 
  3.434191368010e+01   4.347491925383e+06   8.986411009278e+05   5.598819736896e+05 
  3.442398930627e+01   4.319731028491e+06   9.140042339058e+05   5.722797376029e+05 
  3.450448168085e+01   4.292223940345e+06   9.291480734378e+05   5.846429862170e+05 
  3.458351428561e+01   4.264949501943e+06   9.440853539671e+05   5.969801440895e+05 
  3.466119800519e+01   4.237888713781e+06   9.588274080483e+05   6.092988781711e+05 
  3.473763278130e+01   4.211024476483e+06   9.733843352241e+05   6.216061882934e+05 
  3.481290904170e+01   4.184341356900e+06   9.877651528280e+05   6.339084902721e+05 
  3.488710892600e+01   4.157825381589e+06   1.001977928209e+06   6.462116902023e+05 
  3.496030733565e+01   4.131463856093e+06   1.016029893774e+06   6.585212501324e+05 
  3.503257283222e+01   4.105245208048e+06   1.029927546417e+06   6.708422455344e+05 
  3.510396840779e+01   4.079158851080e+06   1.043676733390e+06   6.831794155307e+05 
  3.517455214692e+01   4.053195066893e+06   1.057282726397e+06   6.955372067102e+05 
  3.524437779716e+01   4.027344903020e+06   1.070750285585e+06   7.079198113950e+05 
  3.531349526250e+01   4.001600084008e+06   1.084083714874e+06   7.203312011172e+05 
  3.538195103182e+01   3.975952934017e+06   1.097286909944e+06   7.327751560387e+05 
  3.544978855186e+01   3.950396309363e+06   1.110363399835e+06   7.452552908020e+05 
  3.551704855384e+01   3.924923539300e+06   1.123316383231e+06   7.577750774687e+05 
  3.558376934005e+01   3.899528374056e+06   1.136148760077e+06   7.703378658670e+05 
  3.564998703655e+01   3.874204938999e+06   1.148863159226e+06   7.829469017751e+05 
  3.571573581668e+01   3.848947694138e+06   1.161461962639e+06   7.956053432227e+05 
  3.578104809991e+01   3.823751398066e+06   1.173947326674e+06   8.083162752598e+05 
  3.584595472884e+01   3.798611075955e+06   1.186321200739e+06   8.210827233055e+05 
  3.591048512812e+01   3.773521990816e+06   1.198585343772e+06   8.339076654122e+05 
  3.597466744720e+01   3.748479617714e+06   1.210741338752e+06   8.467940435336e+05 
  3.603852868901e+01   3.723479620617e+06   1.222790605462e+06   8.597447739214e+05 
  3.610209482689e+01   3.698517831352e+06   1.234734411779e+06   8.727627568692e+05 
  3.616539091103e+01   3.673590230488e+06   1.246573883641e+06   8.858508858710e+05 
  3.622844116558e+01   3.648692929991e+06   1.258310013774e+06   8.990120562346e+05 
  3.629126907818e+01   3.623822157178e+06   1.269943669440e+06   9.122491733825e+05 
  3.635389748229e+01   3.598974240080e+06   1.281475599168e+06   9.255651607523e+05 
  3.641634863384e+01   3.574145593800e+06   1.292906438688e+06   9.389629675114e+05 
  3.647864428230e+01   3.549332707954e+06   1.304236716032e+06   9.524455760147e+05 
  3.654080573752e+01   3.524532134844e+06   1.315466855966e+06   9.660160091898e+05 
  3.660285393259e+01   3.499740478428e+06   1.326597183761e+06   9.796773378112e+05 
  3.666480948325e+01   3.474954383905e+06   1.337627928344e+06   9.934326877516e+05 
  3.672669274465e+01   3.450170527828e+06   1.348559224909e+06   1.007285247263e+06 
  3.678852386553e+01   3.425385608721e+06   1.359391116979e+06   1.021238274300e+06 
  3.685032284040e+01   3.400596338092e+06   1.370123557959e+06   1.035295103949e+06 
  3.691210956003e+01   3.375799431851e+06   1.380756412185e+06   1.049459155964e+06 
  3.697390386079e+01   3.350991601910e+06   1.391289455543e+06   1.063733942547e+06 
  3.703572557273e+01   3.326169548189e+06   1.401722375563e+06   1.078123076247e+06 
  3.709759456710e+01   3.301329950729e+06   1.412054771094e+06   1.092630278176e+06 
  3.715953080328e+01   3.276469462078e+06   1.422286151477e+06   1.107259386445e+06 
  3.722155437544e+01   3.251584699821e+06   1.432415935257e+06   1.122014364922e+06 
  3.728368555922e+01   3.226672239289e+06   1.442443448400e+06   1.136899312311e+06 
  3.734594485847e+01   3.201728606404e+06   1.452367922009e+06   1.151918471587e+06 
  3.740835305234e+01   3.176750270735e+06   1.462188489485e+06   1.167076239779e+06 
  3.747093124277e+01   3.151733638700e+06   1.471904183145e+06   1.182377178156e+06 
  3.753370090247e+01   3.126675047019e+06   1.481513930214e+06   1.197826022767e+06 
  3.759668392364e+01   3.101570756429e+06   1.491016548187e+06   1.213427695383e+06 
  3.765990266716e+01   3.076416945712e+06   1.500410739482e+06   1.229187314806e+06 
  3.772338001252e+01   3.051209706184e+06   1.509695085326e+06   1.245110208490e+06 
  3.778713940803e+01   3.025945036761e+06   1.518868038808e+06   1.261201924431e+06 
  3.785120492120e+01   3.000618839812e+06   1.527927916982e+06   1.277468243206e+06 
  3.791560128939e+01   2.975226917826e+06   1.536872892013e+06   1.293915190161e+06 
  3.798035396946e+01   2.949764971422e+06   1.545700981159e+06   1.310549047419e+06 
  3.804548918627e+01   2.924228598940e+06   1.554410035511e+06   1.327376365549e+06 
  3.811103397893e+01   2.898613297994e+06   1.562997727369e+06   1.344403974636e+06 
  3.817701624353e+01   2.872914469649e+06   1.571461536086e+06   1.361638994265e+06 
  3.824346477056e+01   2.847127425850e+06   1.579798732208e+06   1.379088841942e+06 
  3.831040927486e+01   2.821247401069e+06   1.588006359729e+06   1.396761239202e+06 
  3.837788041525e+01   2.795269569124e+06   1.596081216281e+06   1.414664214595e+06 
  3.844590980006e+01   2.769189066636e+06   1.604019831039e+06   1.432806102325e+06 
  3.851452997393e+01   2.743001024684e+06   1.611818440157e+06   1.451195535159e+06 
  3.858377437949e+01   2.716700610865e+06   1.619472959490e+06   1.469841429644e+06 
  3.865367728719e+01   2.690283083925e+06   1.626978954543e+06   1.488752961532e+06 
  3.872427368255e+01   2.663743864382e+06   1.634331607390e+06   1.507939528229e+06 
  3.879559910025e+01   2.637078624419e+06   1.641525680664e+06   1.527410694916e+06 
  3.886768939018e+01   2.610283401363e+06   1.648555478717e+06   1.547176119920e+06 
  3.894058039856e+01   2.583354739620e+06   1.655414806298e+06   1.567245454082e+06 
  3.901430754410e+01   2.556289866428e+06   1.662096925509e+06   1.587628208063e+06 
  3.908890526606e+01   2.529086907350e+06   1.668594512171e+06   1.608333580479e+06 
  3.916440631988e+01   2.501745147041e+06   1.674899613548e+06   1.629370239412e+06 
  3.924084089420e+01   2.474265340663e+06   1.681003610101e+06   1.650746049237e+06 
  3.931823552661e+01   2.446650079042e+06   1.686897185245e+06   1.672467735714e+06 
  3.939661180228e+01   2.418904207265e+06   1.692570308440e+06   1.694540484295e+06 
  3.947598483205e+01   2.391035291194e+06   1.698012238476e+06   1.716967470331e+06 
  3.955636153097e+01   2.363054117330e+06   1.703211555579e+06   1.739749327091e+06 
  3.963773875193e+01   2.334975199968e+06   1.708156232292e+06   1.762883567740e+06 
  3.972010137423e+01   2.306817255380e+06   1.712833753628e+06   1.786363990992e+06 
  3.980342050269e+01   2.278603586568e+06   1.717231296210e+06   1.810180117222e+06 
  3.988765198905e+01   2.250362308142e+06   1.721335972875e+06   1.834316718982e+06 
  3.997273553067e+01   2.222126333407e+06   1.725135143163e+06   1.858753523430e+06 
  4.005859461353e+01   2.193933050637e+06   1.728616780856e+06   1.883465168507e+06 
  4.014513752498e+01   2.165823638683e+06   1.731769878354e+06   1.908421482963e+06 
  4.023225955731e+01   2.137842014373e+06   1.734584856127e+06   1.933588129500e+06 
  4.031984635843e+01   2.110033461787e+06   1.737053937124e+06   1.958927601090e+06 
  4.040777819524e+01   2.082443053180e+06   1.739171444131e+06   1.984400502690e+06 
  4.049593472210e+01   2.055114017828e+06   1.740933984641e+06   2.009966997531e+06 
  4.058419974931e+01   2.028086231463e+06   1.742340502410e+06   2.035588266127e+06 
  4.067246551058e+01   2.001394980328e+06   1.743392194048e+06   2.061227825624e+06 
  4.076063603479e+01   1.975070104560e+06   1.744092307832e+06   2.086852587608e+06 
  4.084862940050e+01   1.949135560545e+06   1.744445855833e+06   2.112433583622e+06 
  4.093637883825e+01   1.923609379506e+06   1.744459276678e+06   2.137946343816e+06 
  4.102383280142e+01   1.898503953420e+06   1.744140085085e+06   2.163370961495e+06 
  4.111095422426e+01   1.873826555489e+06   1.743496537555e+06   2.188691906956e+06 
  4.119771922201e+01   1.849579999750e+06   1.742537334352e+06   2.213897665898e+06 
  4.128411547542e+01   1.825763356348e+06   1.741271368567e+06   2.238980275085e+06 
  4.137014049985e+01   1.802372658753e+06   1.739707525357e+06   2.263934815890e+06 
  4.145579994608e+01   1.779401560019e+06   1.737854529016e+06   2.288758910964e+06 
  4.154110602785e+01   1.756841913928e+06   1.735720832376e+06   2.313452253696e+06 
  4.162607612774e+01   1.734684271239e+06   1.733314541599e+06   2.338016187162e+06 
  4.171073160170e+01   1.712918290945e+06   1.730643369276e+06   2.362453339779e+06 
  4.179509678035e+01   1.691533072754e+06   1.727714609310e+06   2.386767317937e+06 
  4.187919815258e+01   1.670517419968e+06   1.724535128002e+06   2.410962452030e+06 
  4.196306371068e+01   1.649860043046e+06   1.721111366739e+06   2.435043590215e+06 
  4.204672243393e+01   1.629549713943e+06   1.717449352690e+06   2.459015933367e+06 
  4.213020388812e+01   1.609575380507e+06   1.713554714754e+06   2.482884904738e+06 
  4.221353792014e+01   1.589926248980e+06   1.709432702697e+06   2.506656048323e+06 
  4.229675442973e+01   1.570591841410e+06   1.705088207986e+06   2.530334950604e+06 
  4.237988320287e+01   1.551562033607e+06   1.700525785268e+06   2.553927181125e+06 
  4.246295379421e+01   1.532827078092e+06   1.695749673740e+06   2.577438248168e+06 
  4.254599544778e+01   1.514377615812e+06   1.690763817949e+06   2.600873566239e+06 
  4.262903704778e+01   1.496204679334e+06   1.685571887680e+06   2.624238432986e+06 
  4.271210709240e+01   1.478299689893e+06   1.680177296789e+06   2.647538013318e+06 
  4.279523368578e+01   1.460654449880e+06   1.674583220833e+06   2.670777329287e+06 
  4.287844454312e+01   1.443261132285e+06   1.668792613537e+06   2.693961254178e+06 
  4.296176700655e+01   1.426112267923e+06   1.662808222030e+06   2.717094510046e+06 
  4.304522806835e+01   1.409200731390e+06   1.656632600959e+06   2.740181667651e+06 
  4.312885439975e+01   1.392519726256e+06   1.650268125506e+06   2.763227148238e+06 
  4.321267238422e+01   1.376062769899e+06   1.643717003369e+06   2.786235226732e+06 
  4.329670815340e+01   1.359823678365e+06   1.636981285787e+06   2.809210035848e+06 
  4.338098762516e+01   1.343796551446e+06   1.630062877688e+06   2.832155570866e+06 
  4.346553654301e+01   1.327975758163e+06   1.622963547022e+06   2.855075694815e+06 
  4.355038051637e+01   1.312355922743e+06   1.615684933350e+06   2.877974143907e+06 
  4.363554506126e+01   1.296931911190e+06   1.608228555754e+06   2.900854533055e+06 
  4.372105564145e+01   1.281698818454e+06   1.600595820127e+06   2.923720361420e+06 
  4.380693770930e+01   1.266651956296e+06   1.592788025920e+06   2.946575017784e+06 
  4.389321674683e+01   1.251786841767e+06   1.584806372368e+06   2.969421785864e+06 
  4.397991830657e+01   1.237099186356e+06   1.576651964270e+06   2.992263849374e+06 
  4.406706805211e+01   1.222584885795e+06   1.568325817372e+06   3.015104296833e+06 
  4.415469179868e+01   1.208240010459e+06   1.559828863373e+06   3.037946126168e+06 
  4.424281555341e+01   1.194060796395e+06   1.551161954623e+06   3.060792248982e+06 
  4.433146555554e+01   1.180043636909e+06   1.542325868533e+06   3.083645494558e+06 
  4.442066831646e+01   1.166185074726e+06   1.533321311752e+06   3.106508613522e+06 
  4.451045065969e+01   1.152481794684e+06   1.524148924127e+06   3.129384281189e+06 
  4.460083976092e+01   1.138930616912e+06   1.514809282492e+06   3.152275100597e+06 
  4.469186318790e+01   1.125528490527e+06   1.505302904327e+06   3.175183605147e+06 
  4.478354894045e+01   1.112272487777e+06   1.495630251305e+06   3.198112260918e+06 
  4.487592549058e+01   1.099159798629e+06   1.485791732765e+06   3.221063468606e+06 
  4.496902182253e+01   1.086187725792e+06   1.475787709156e+06   3.244039565052e+06 
  4.506286747297e+01   1.073353680156e+06   1.465618495475e+06   3.267042824370e+06 
  4.515749257115e+01   1.060655176628e+06   1.455284364747e+06   3.290075458625e+06 
  4.525292787915e+01   1.048089830347e+06   1.444785551565e+06   3.313139618088e+06 
  4.534920483179e+01   1.035655353301e+06   1.434122255772e+06   3.336237390928e+06 
  4.544635557661e+01   1.023349551301e+06   1.423294646272e+06   3.359370802427e+06 
  4.554441301337e+01   1.011170321324e+06   1.412302865069e+06   3.382541813606e+06 
  4.564341083301e+01   9.991156492342e+05   1.401147031563e+06   3.405752319203e+06 
  4.574338355580e+01   9.871836078729e+05   1.389827247161e+06   3.429004144966e+06 
  4.584436656865e+01   9.753723555029e+05   1.378343600264e+06   3.452299044233e+06 
  4.594639616068e+01   9.636801346623e+05   1.366696171719e+06   3.475638693619e+06 
  4.604950955708e+01   9.521052713851e+05   1.354885040788e+06   3.499024687827e+06 
  4.615374495056e+01   9.406461748315e+05   1.342910291740e+06   3.522458533429e+06 
  4.625914152963e+01   9.293013373342e+05   1.330772021145e+06   3.545941641521e+06 
  4.636573950321e+01   9.180693348648e+05   1.318470345985e+06   3.569475319150e+06 
  4.647358012029e+01   9.069488279760e+05   1.306005412707e+06   3.593060759317e+06 
  4.658270568406e+01   8.959385631886e+05   1.293377407314e+06   3.616699029498e+06 
  4.669315955859e+01   8.850373749098e+05   1.280586566693e+06   3.640391058397e+06 
  4.680498616737e+01   8.742441878501e+05   1.267633191270e+06   3.664137620880e+06 
  4.691823098136e+01   8.635580200099e+05   1.254517659211e+06   3.687939320779e+06 
  4.703294049518e+01   8.529779862238e+05   1.241240442309e+06   3.711796571467e+06 
  4.714916218874e+01   8.425033023304e+05   1.227802123795e+06   3.735709573875e+06 
  4.726694447227e+01   8.321332899462e+05   1.214203418224e+06   3.759678291830e+06 
  4.738633661157e+01   8.218673819013e+05   1.200445193703e+06   3.783702424396e+06 
  4.750738863097e+01   8.117051282945e+05   1.186528496593e+06   3.807781375113e+06 
  4.763015119001e+01   8.016462032130e+05   1.172454578967e+06   3.831914217820e+06 
  4.775467543073e+01   7.916904120622e+05   1.158224928956e+06   3.856099658982e+06 
  4.788101279177e+01   7.818376994632e+05   1.143841304138e+06   3.880335996399e+06 
  4.800921478510e+01   7.720881576599e+05   1.129305768120e+06   3.904621074220e+06 
  4.813933273218e+01   7.624420352888e+05   1.114620730270e+06   3.928952234442e+06 
  4.827141745553e+01   7.528997463917e+05   1.099788988618e+06   3.953326264991e+06 
  4.840551892291e+01   7.434618794285e+05   1.084813775679e+06   3.977739344892e+06 
  4.854168584219e+01   7.341292060076e+05   1.069698806849e+06   4.002186987143e+06 
  4.867996520602e+01   7.249026889837e+05   1.054448330795e+06   4.026663980221e+06 
  4.882040178691e+01   7.157834894869e+05   1.039067181050e+06   4.051164329463e+06 
  4.896303758659e+01   7.067729723455e+05   1.023560827657e+06   4.075681199998e+06 
  4.910791124558e+01   6.978727092842e+05   1.007935427422e+06   4.100206863294e+06 
  4.925505742260e+01   6.890844792297e+05   9.921978710102e+05   4.124732649760e+06 
  4.940450615781e+01   6.804102649501e+05   9.763558246810e+05   4.149248910369e+06 
  4.955628223763e+01   6.718522452827e+05   9.604177642391e+05   4.173744990478e+06 
  4.971040458391e+01   6.634127821726e+05   9.443929984122e+05   4.198209219415e+06 
  4.986688569368e+01   6.550944018693e+05   9.282916788072e+05   4.222628919323e+06 
  5.002573115939e+01   6.468997697567e+05   9.121247935706e+05   4.246990436673e+06 
  5.018693930052e+01   6.388316585726e+05   8.959041422053e+05   4.271279199222e+06 
  5.035050093841e+01   6.308929100250e+05   8.796422893727e+05   4.295479800602e+06 
  5.051639934238e+01   6.230863902673e+05   8.633524963946e+05   4.319576113338e+06 
  5.068461037032e+01   6.154149401040e+05   8.470486301674e+05   4.343551429729e+06 
  5.085510281750e+01   6.078813212838e+05   8.307450505072e+05   4.367388628209e+06 
  5.102783897827e+01   6.004881606014e+05   8.144564782159e+05   4.391070361183e+06 
  5.120277541122e+01   5.932378939078e+05   7.981978476025e+05   4.414579258490e+06 
  5.137986388659e+01   5.861327122984e+05   7.819841483520e+05   4.437898139350e+06 
  5.155905248195e+01   5.791745127847e+05   7.658302625446e+05   4.461010224671e+06 
  5.174028678334e+01   5.723648555634e+05   7.497508030487e+05   4.483899341388e+06 
  5.192351114238e+01   5.657049296652e+05   7.337599595118e+05   4.506550110823e+06 
  5.210866993635e+01   5.591955283066e+05   7.178713577490e+05   4.528948113944e+06 
  5.229570878278e+01   5.528370346101e+05   7.020979372028e+05   4.551080028187e+06 
  5.248457566422e+01   5.466294177790e+05   6.864518499759e+05   4.572933732245e+06 
  5.267522192691e+01   5.405722392725e+05   6.709443836045e+05   4.594498377123e+06 
  5.286760313043e+01   5.346646679289e+05   6.555859080409e+05   4.615764424030e+06 
  5.306167973322e+01   5.289055027289e+05   6.403858462690e+05   4.636723651002e+06 
  5.325741761193e+01   5.232932015782e+05   6.253526666668e+05   4.657369131755e+06 
  5.345478841935e+01   5.178259144746e+05   6.104938946146e+05   4.677695190911e+06 
  5.365376979453e+01   5.125015194135e+05   5.958161402171e+05   4.697697340369e+06 
  5.385434544344e+01   5.073176595172e+05   5.813251387919e+05   4.717372201691e+06 
  5.405650510962e+01   5.022717801341e+05   5.670258009688e+05   4.736717418897e+06 
  5.426024445666e+01   4.973611648340e+05   5.529222693122e+05   4.755731565854e+06 
  5.446556488412e+01   4.925829694789e+05   5.390179787458e+05   4.774414051775e+06 
  5.467247329543e+01   4.879342538110e+05   5.253157185323e+05   4.792765027657e+06 
  5.488098183521e+01   4.834120101873e+05   5.118176939450e+05   4.810785295868e+06 
  5.509110761061e+01   4.790131892746e+05   4.985255861877e+05   4.828476224538e+06 
  5.530287240919e+01   4.747347226508e+05   4.854406094695e+05   4.845839667880e+06 
  5.551630242069e+01   4.705735424254e+05   4.725635646531e+05   4.862877892922e+06 
  5.573142797335e+01   4.665265979568e+05   4.598948888120e+05   4.879593513231e+06 
  5.594828328584e+01   4.625908699484e+05   4.474347007303e+05   4.895989429321e+06 
  5.616690624176e+01   4.587633820923e+05   4.351828421024e+05   4.912068775805e+06 
  5.638733818710e+01   4.550412105384e+05   4.231389146135e+05   4.927834874848e+06 
  5.660962375231e+01   4.514214914320e+05   4.113023130589e+05   4.943291195509e+06 
  5.683381069887e+01   4.479014267664e+05   3.996722547603e+05   4.958441318473e+06 
  5.705994979128e+01   4.444782887571e+05   3.882478054848e+05   4.973288905758e+06 
  5.728809469221e+01   4.411494229757e+05   3.770279022512e+05   4.987837674773e+06 
  5.751830188170e+01   4.379122504055e+05   3.660113732232e+05   5.002091376371e+06 
  5.775063059790e+01   4.347642686085e+05   3.551969550502e+05   5.016053776341e+06 
  5.798514279935e+01   4.317030521423e+05   3.445833078788e+05   5.029728639979e+06 
  5.822190314635e+01   4.287262523719e+05   3.341690283561e+05   5.043119719272e+06 
  5.846097900302e+01   4.258315967605e+05   3.239526607447e+05   5.056230742495e+06 
  5.870244045592e+01   4.230168877753e+05   3.139327065049e+05   5.069065405720e+06 
  5.894636035126e+01   4.202800014587e+05   3.041076324253e+05   5.081627366116e+06 
  5.919281434771e+01   4.176188857612e+05   2.944758775645e+05   5.093920236674e+06 
  5.944188098572e+01   4.150315586814e+05   2.850358591089e+05   5.105947582210e+06 
  5.969364177321e+01   4.125161062580e+05   2.757859772706e+05   5.117712916471e+06 
  5.994818128573e+01   4.100706804750e+05   2.667246194153e+05   5.129219700110e+06 
  6.000000000000e+01   4.095845339638e+05   2.649150319724e+05   5.131515434064e+06 
