  0.000000000000e+00   5.806000000000e+06   1.500000000000e+01   0.000000000000e+00 
  5.000000000000e-02   5.805999621460e+06   1.528390528435e+01   9.463509890537e-02 
  7.776707987846e-01   5.805993221937e+06   2.008354606994e+01   1.694516708616e+00 
  2.647688614435e+00   5.805965993207e+06   4.050506901353e+01   8.501723995788e+00 
  4.702758397304e+00   5.805903304898e+06   8.752111994420e+01   2.417398216737e+01 
  6.244814830252e+00   5.805811812607e+06   1.561397682352e+02   4.704762447193e+01 
  7.552824122100e+00   5.805679802334e+06   2.551460120830e+02   8.005165381883e+01 
  8.647132630679e+00   5.805506960195e+06   3.847745651444e+02   1.232652395379e+02 
  9.583996602391e+00   5.805290751675e+06   5.469253240336e+02   1.773230012019e+02 
  1.040328145058e+01   5.805028236584e+06   7.438020940345e+02   2.429613219615e+02 
  1.113164630865e+01   5.804716531085e+06   9.775660216340e+02   3.209028931880e+02 
  1.178754654656e+01   5.804352882556e+06   1.250279395117e+03   4.118380492074e+02 
  1.238428222983e+01   5.803934664938e+06   1.563909080441e+03   5.164259815180e+02 
  1.293176843763e+01   5.803459363044e+06   1.920338240816e+03   6.352987150043e+02 
  1.343760343104e+01   5.802924557929e+06   2.321377253494e+03   7.690648171940e+02 
  1.390774368027e+01   5.802327914650e+06   2.768772838059e+03   9.183125120110e+02 
  1.436945103462e+01   5.801630278076e+06   3.291879197056e+03   1.092842726651e+03 
  1.478309644886e+01   5.800894178372e+06   3.843803481877e+03   1.277018145851e+03 
  1.518837864086e+01   5.800053529474e+06   4.474089671640e+03   1.487380854310e+03 
  1.555555864487e+01   5.799173676275e+06   5.133737090951e+03   1.707586634314e+03 
  1.591606966420e+01   5.798183885655e+06   5.875767310409e+03   1.955347034335e+03 
  1.626230520985e+01   5.797099090685e+06   6.688972171028e+03   2.226937144203e+03 
  1.659251744868e+01   5.795925186764e+06   7.568919320016e+03   2.520893916131e+03 
  1.690710439099e+01   5.794663790664e+06   8.514383390349e+03   2.836825946111e+03 
  1.720713581008e+01   5.793314585279e+06   9.525587697837e+03   3.174827023453e+03 
  1.749380918340e+01   5.791876405962e+06   1.060338961214e+04   3.535204425454e+03 
  1.776826495791e+01   5.790347727476e+06   1.174891537868e+04   3.918357144822e+03 
  1.803153470113e+01   5.788726877321e+06   1.296340010642e+04   4.324722572561e+03 
  1.828453593319e+01   5.787012127147e+06   1.424811916513e+04   4.754753688106e+03 
  1.852808172151e+01   5.785201730749e+06   1.560435963121e+04   5.208909619842e+03 
  1.876289362789e+01   5.783293938956e+06   1.703340905274e+04   5.687651990763e+03 
  1.898961419392e+01   5.781287004673e+06   1.853655159547e+04   6.191443732027e+03 
  1.920881790148e+01   5.779179183762e+06   2.011506729948e+04   6.720748938860e+03 
  1.942102048616e+01   5.776968734236e+06   2.177023260900e+04   7.276033155299e+03 
  1.962668677400e+01   5.774653914758e+06   2.350332140983e+04   7.857763832290e+03 
  1.982623727166e+01   5.772232982886e+06   2.531560625999e+04   8.466410854364e+03 
  2.002005372453e+01   5.769704193239e+06   2.720835967275e+04   9.102447088033e+03 
  2.020848382725e+01   5.767065795644e+06   2.918285541587e+04   9.766348940117e+03 
  2.039184523593e+01   5.764316033273e+06   3.124036980718e+04   1.045859691968e+04 
  2.057042900200e+01   5.761453140804e+06   3.338218299572e+04   1.117967620029e+04 
  2.074450252706e+01   5.758475342564e+06   3.560958024682e+04   1.193007718907e+04 
  2.091431211570e+01   5.755380850685e+06   3.792385321712e+04   1.271029609832e+04 
  2.108008519196e+01   5.752167863235e+06   4.032630123854e+04   1.352083552634e+04 
  2.124203223113e+01   5.748834562342e+06   4.281823260993e+04   1.436220504758e+04 
  2.140034845060e+01   5.745379112275e+06   4.540096590856e+04   1.523492181668e+04 
  2.155521529446e+01   5.741799657503e+06   4.807583131297e+04   1.613951118389e+04 
  2.170680174222e+01   5.738094320720e+06   5.084417195241e+04   1.707650732770e+04 
  2.185526546663e+01   5.734261200798e+06   5.370734529355e+04   1.804645390873e+04 
  2.200075386030e+01   5.730298370707e+06   5.666672455148e+04   1.904990474118e+04 
  2.214340494983e+01   5.726203875359e+06   5.972370015032e+04   2.008742449106e+04 
  2.228334821159e+01   5.721975729369e+06   6.287968123026e+04   2.115958940076e+04 
  2.242070530143e+01   5.717611914766e+06   6.613609719505e+04   2.226698803884e+04 
  2.255559071012e+01   5.713110378582e+06   6.949439933123e+04   2.341022208632e+04 
  2.268811235279e+01   5.708469030359e+06   7.295606248548e+04   2.458990715595e+04 
  2.281837210080e+01   5.703685739534e+06   7.652258681544e+04   2.580667365041e+04 
  2.294646626249e+01   5.698758332723e+06   8.019549961603e+04   2.706116766146e+04 
  2.307248601932e+01   5.693684590844e+06   8.397635723935e+04   2.835405191714e+04 
  2.319651782165e+01   5.688462246127e+06   8.786674709828e+04   2.968600677506e+04 
  2.331864374978e+01   5.683088978936e+06   9.186828978927e+04   3.105773127511e+04 
  2.343894184310e+01   5.677562414435e+06   9.598264131744e+04   3.246994424756e+04 
  2.355748640142e+01   5.671880119061e+06   1.002114954520e+05   3.392338548743e+04 
  2.367434826128e+01   5.666039596784e+06   1.045565862169e+05   3.541881699909e+04 
  2.378959505008e+01   5.660038285146e+06   1.090196905352e+05   3.695702431866e+04 
  2.390329141976e+01   5.653873551068e+06   1.136026310183e+05   3.853881791421e+04 
  2.401549926340e+01   5.647542686349e+06   1.183072789639e+05   4.016503468742e+04 
  2.412627791521e+01   5.641042902908e+06   1.231355575252e+05   4.183653956643e+04 
  2.423568433649e+01   5.634371327685e+06   1.280894451039e+05   4.355422721154e+04 
  2.434377328884e+01   5.627524997172e+06   1.331709789856e+05   4.531902384217e+04 
  2.445059749545e+01   5.620500851607e+06   1.383822592066e+05   4.713188918622e+04 
  2.455620779279e+01   5.613295728679e+06   1.437254527376e+05   4.899381858372e+04 
  2.466065327273e+01   5.605906356808e+06   1.492027979526e+05   5.090584523958e+04 
  2.476398141678e+01   5.598329347892e+06   1.548166094540e+05   5.286904265375e+04 
  2.486623822311e+01   5.590561189489e+06   1.605692832703e+05   5.488452724038e+04 
  2.496746832737e+01   5.582598236366e+06   1.664633024753e+05   5.695346115880e+04 
  2.506771511797e+01   5.574436701364e+06   1.725012432615e+05   5.907705537419e+04 
  2.516702084668e+01   5.566072645499e+06   1.786857815255e+05   6.125657297591e+04 
  2.526542673546e+01   5.557501967193e+06   1.850197000250e+05   6.349333278216e+04 
  2.536297307980e+01   5.548720390590e+06   1.915058961526e+05   6.578871325689e+04 
  2.545969934996e+01   5.539723452781e+06   1.981473904332e+05   6.814415678600e+04 
  2.555564428991e+01   5.530506489896e+06   2.049473357695e+05   7.056117433461e+04 
  2.565084601560e+01   5.521064621856e+06   2.119090275911e+05   7.304135055254e+04 
  2.574534211277e+01   5.511392735649e+06   2.190359149809e+05   7.558634937006e+04 
  2.583916973478e+01   5.501485466995e+06   2.263316128712e+05   7.819792013395e+04 
  2.593236570188e+01   5.491337180123e+06   2.337999155045e+05   8.087790437262e+04 
  2.602496660236e+01   5.480941945472e+06   2.414448112736e+05   8.362824325410e+04 
  2.611700889656e+01   5.470293515016e+06   2.492704991480e+05   8.645098583629e+04 
  2.620852902469e+01   5.459385294909e+06   2.572814068811e+05   8.934829820991e+04 
  2.629956351986e+01   5.448210315066e+06   2.654822112695e+05   9.232247366472e+04 
  2.639014912677e+01   5.436761195295e+06   2.738778607003e+05   9.537594400478e+04 
  2.648032292841e+01   5.425030107424e+06   2.824736003766e+05   9.851129219943e+04 
  2.657012248171e+01   5.413008732865e+06   2.912750005805e+05   1.017312665541e+05 
  2.665958596410e+01   5.400688214935e+06   3.002879884340e+05   1.050387966313e+05 
  2.674875233293e+01   5.388059105137e+06   3.095188836782e+05   1.084370111853e+05 
  2.683766150097e+01   5.375111302331e+06   3.189744392036e+05   1.119292584654e+05 
  2.692635452953e+01   5.361833983827e+06   3.286618869528e+05   1.155191292200e+05 
  2.701487384402e+01   5.348215526851e+06   3.385889902414e+05   1.192104829072e+05 
  2.710326347469e+01   5.334243418908e+06   3.487641034716e+05   1.230074776205e+05 
  2.719156932871e+01   5.319904154883e+06   3.591962406795e+05   1.269146044379e+05 
  2.727983949778e+01   5.305183118724e+06   3.698951543385e+05   1.309367269370e+05 
  2.736812460936e+01   5.290064446656e+06   3.808714264524e+05   1.350791268913e+05 
  2.745647822922e+01   5.274530868480e+06   3.921365742079e+05   1.393475573120e+05 
  2.754495732580e+01   5.258563522616e+06   4.037031730765e+05   1.437483043080e+05 
  2.763362280731e+01   5.242141739835e+06   4.155850006788e+05   1.482882594857e+05 
  2.772254014709e+01   5.225242789126e+06   4.277972057502e+05   1.529750051239e+05 
  2.781178011374e+01   5.207841577991e+06   4.403565072419e+05   1.578169147669e+05 
  2.790141962671e+01   5.189910297621e+06   4.532814298279e+05   1.628232725515e+05 
  2.799154276053e+01   5.171418001561e+06   4.665925831912e+05   1.680044152481e+05 
  2.808224192390e+01   5.152330104236e+06   4.803129938977e+05   1.733719018667e+05 
  2.817361924130e+01   5.132607783562e+06   4.944684998867e+05   1.789387165509e+05 
  2.826578815994e+01   5.112207270739e+06   5.090882180881e+05   1.847195111733e+05 
  2.835887529493e+01   5.091079010447e+06   5.242050951129e+05   1.907308944400e+05 
  2.845302248969e+01   5.069166681071e+06   5.398565458941e+05   1.969917730352e+05 
  2.854838899848e+01   5.046406080930e+06   5.560851728603e+05   2.035237462102e+05 
  2.864515354092e+01   5.022723928078e+06   5.729395281331e+05   2.103515437887e+05 
  2.874351566198e+01   4.998036712750e+06   5.904748160403e+05   2.175034712097e+05 
  2.884369519049e+01   4.972249937319e+06   6.087532954028e+05   2.250117672779e+05 
  2.894592733374e+01   4.945258482136e+06   6.278438595023e+05   2.329126583615e+05 
  2.905044856555e+01   4.916949636122e+06   6.478197173867e+05   2.412456464917e+05 
  2.915746435312e+01   4.887211795308e+06   6.687520951982e+05   2.500511094939e+05 
  2.926708404832e+01   4.855954079945e+06   6.906963547880e+05   2.593645652671e+05 
  2.937920543954e+01   4.823143977573e+06   7.136657356413e+05   2.692052867857e+05 
  2.949334851783e+01   4.788866194978e+06   7.375908275044e+05   2.795579775177e+05 
  2.960850476523e+01   4.753385156414e+06   7.622774141292e+05   2.903524294570e+05 
  2.972316578235e+01   4.717157714075e+06   7.873998681807e+05   3.014574177442e+05 
  2.983565373206e+01   4.680744864491e+06   8.125646230517e+05   3.127055124570e+05 
  2.994459230508e+01   4.644658932913e+06   8.374167924357e+05   3.239392746510e+05 
  3.004918859825e+01   4.609252613810e+06   8.617157740045e+05   3.350466121851e+05 
  3.014921317165e+01   4.574701775566e+06   8.853450958533e+05   3.459681285811e+05 
  3.024481704518e+01   4.541049389773e+06   9.082803881734e+05   3.566852220532e+05 
  3.033634320545e+01   4.508260981615e+06   9.305501934503e+05   3.672038249350e+05 
  3.042419781144e+01   4.476266623710e+06   9.522066829514e+05   3.775416933382e+05 
  3.050878082453e+01   4.444985917334e+06   9.733084329794e+05   3.877206496863e+05 
  3.059045599283e+01   4.414340505862e+06   9.939119184888e+05   3.977625756496e+05 
  3.066954210613e+01   4.384259261140e+06   1.014068077493e+06   4.076876613668e+05 
  3.074631409805e+01   4.354679718263e+06   1.033821443603e+06   4.175138381345e+05 
  3.082100790551e+01   4.325547812511e+06   1.053210422792e+06   4.272567646970e+05 
  3.089382620530e+01   4.296816971436e+06   1.072267991154e+06   4.369300374102e+05 
  3.096494382624e+01   4.268447054721e+06   1.091022479189e+06   4.465454660906e+05 
  3.103451243370e+01   4.240403349210e+06   1.109498304467e+06   4.561133463235e+05 
  3.110266442999e+01   4.212655690807e+06   1.127716606977e+06   4.656427022156e+05 
  3.116951614638e+01   4.185177725383e+06   1.145695781503e+06   4.751414931141e+05 
  3.123517043957e+01   4.157946297073e+06   1.163451916951e+06   4.846167859763e+05 
  3.129971880290e+01   4.130940945608e+06   1.180999156656e+06   4.940748977362e+05 
  3.136324308857e+01   4.104143493547e+06   1.198349993802e+06   5.035215126508e+05 
  3.142581691949e+01   4.077537706611e+06   1.215515514235e+06   5.129617791544e+05 
  3.148750685318e+01   4.051109013106e+06   1.232505596822e+06   5.224003900715e+05 
  3.154837334759e+01   4.024844270992e+06   1.249329079629e+06   5.318416493785e+05 
  3.160847156737e+01   3.998731573460e+06   1.265993898469e+06   5.412895280706e+05 
  3.166785206117e+01   3.972760085823e+06   1.282507203016e+06   5.507477111608e+05 
  3.172656133416e+01   3.946919907841e+06   1.298875454679e+06   5.602196374797e+05 
  3.178464233483e+01   3.921201956933e+06   1.315104509501e+06   5.697085335657e+05 
  3.184213487119e+01   3.895597868501e+06   1.331199688780e+06   5.792174427195e+05 
  3.189907596857e+01   3.870099910535e+06   1.347165839438e+06   5.887492500270e+05 
  3.195550017865e+01   3.844700910047e+06   1.363007385903e+06   5.983067040500e+05 
  3.201143984818e+01   3.819394189256e+06   1.378728374952e+06   6.078924357925e+05 
  3.206692535317e+01   3.794173510198e+06   1.394332514499e+06   6.175089753036e+05 
  3.212198530437e+01   3.769033026252e+06   1.409823207384e+06   6.271587663634e+05 
  3.217664672822e+01   3.743967239591e+06   1.425203580873e+06   6.368441795359e+05 
  3.223093522694e+01   3.718970963676e+06   1.440476512485e+06   6.465675238389e+05 
  3.228487512072e+01   3.694039290033e+06   1.455644652711e+06   6.563310572557e+05 
  3.233848957470e+01   3.669167558696e+06   1.470710445034e+06   6.661369962700e+05 
  3.239180071254e+01   3.644351331838e+06   1.485676143606e+06   6.759875245557e+05 
  3.244482971894e+01   3.619586370062e+06   1.500543828947e+06   6.858848009911e+05 
  3.249759693197e+01   3.594868611084e+06   1.515315421852e+06   6.958309670639e+05 
  3.255012192713e+01   3.570194150391e+06   1.529992695803e+06   7.058281538055e+05 
  3.260242359381e+01   3.545559223713e+06   1.544577287995e+06   7.158784882921e+05 
  3.265452020549e+01   3.520960190908e+06   1.559070709240e+06   7.259840998520e+05 
  3.270642948402e+01   3.496393521328e+06   1.573474352735e+06   7.361471259373e+05 
  3.275816865940e+01   3.471855780138e+06   1.587789502005e+06   7.463697178569e+05 
  3.280975452509e+01   3.447343615735e+06   1.602017337959e+06   7.566540463063e+05 
  3.286120348974e+01   3.422853747981e+06   1.616158945225e+06   7.670023067937e+05 
  3.291253162563e+01   3.398382957191e+06   1.630215317815e+06   7.774167249935e+05 
  3.296375471468e+01   3.373928073652e+06   1.644187364240e+06   7.878995621080e+05 
  3.301488829193e+01   3.349485967732e+06   1.658075912051e+06   7.984531202170e+05 
  3.306594768705e+01   3.325053540448e+06   1.671881711883e+06   8.090797476688e+05 
  3.311694806434e+01   3.300627714356e+06   1.685605441068e+06   8.197818445759e+05 
  3.316790446137e+01   3.276205424724e+06   1.699247706838e+06   8.305618684376e+05 
  3.321883182672e+01   3.251783610897e+06   1.712809049168e+06   8.414223399356e+05 
  3.326974505687e+01   3.227359207839e+06   1.726289943242e+06   8.523658489190e+05 
  3.332065903258e+01   3.202929137793e+06   1.739690801587e+06   8.633950606194e+05 
  3.337158865522e+01   3.178490301884e+06   1.753011975934e+06   8.745127221818e+05 
  3.342254888286e+01   3.154039571798e+06   1.766253758727e+06   8.857216694757e+05 
  3.347355476687e+01   3.129573781298e+06   1.779416384394e+06   8.970248343074e+05 
  3.352462148886e+01   3.105089717618e+06   1.792500030336e+06   9.084252520457e+05 
  3.357576439849e+01   3.080584112666e+06   1.805504817626e+06   9.199260697075e+05 
  3.362699905212e+01   3.056053633999e+06   1.818430811443e+06   9.315305545582e+05 
  3.367834125294e+01   3.031494875405e+06   1.831278021260e+06   9.432421033349e+05 
  3.372980709242e+01   3.006904347212e+06   1.844046400718e+06   9.550642520706e+05 
  3.378141299380e+01   2.982278466054e+06   1.856735847254e+06   9.670006866915e+05 
  3.383317575763e+01   2.957613544174e+06   1.869346201427e+06   9.790552543990e+05 
  3.388511260970e+01   2.932905778175e+06   1.881877245897e+06   9.912319759272e+05 
  3.393724125201e+01   2.908151237043e+06   1.894328704131e+06   1.003535058826e+06 
  3.398957991669e+01   2.883345849532e+06   1.906700238677e+06   1.015968911791e+06 
  3.404214742370e+01   2.858485390681e+06   1.918991449090e+06   1.028538160229e+06 
  3.409496324263e+01   2.833565467409e+06   1.931201869418e+06   1.041247663173e+06 
  3.414804755897e+01   2.808581503179e+06   1.943330965179e+06   1.054102531642e+06 
  3.420142134550e+01   2.783528721533e+06   1.955378129803e+06   1.067108148664e+06 
  3.425510643931e+01   2.758402128517e+06   1.967342680428e+06   1.080270191054e+06 
  3.430912562515e+01   2.733196493779e+06   1.979223853008e+06   1.093594653214e+06 
  3.436350272543e+01   2.707906330454e+06   1.991020796521e+06   1.107087873025e+06 
  3.441826269806e+01   2.682525873530e+06   2.002732566284e+06   1.120756560186e+06 
  3.447343174245e+01   2.657049056822e+06   2.014358116091e+06   1.134607827087e+06 
  3.452903741423e+01   2.631469488563e+06   2.025896288986e+06   1.148649222451e+06 
  3.458510874985e+01   2.605780425528e+06   2.037345806477e+06   1.162888767995e+06 
  3.464167640101e+01   2.579974745955e+06   2.048705255817e+06   1.177334998229e+06 
  3.469877277968e+01   2.554044921485e+06   2.059973074974e+06   1.191997003541e+06 
  3.475643221356e+01   2.527982988547e+06   2.071147534837e+06   1.206884476617e+06 
  3.481469111142e+01   2.501780520028e+06   2.082226717952e+06   1.222007762019e+06 
  3.487358813793e+01   2.475428597903e+06   2.093208493237e+06   1.237377908859e+06 
  3.493316439446e+01   2.448917788948e+06   2.104090485445e+06   1.253006725607e+06 
  3.499346360316e+01   2.422238125362e+06   2.114870038400e+06   1.268906836238e+06 
  3.505453228690e+01   2.395379094014e+06   2.125544170307e+06   1.285091735679e+06 
  3.511641993598e+01   2.368329638753e+06   2.136109519347e+06   1.301575841901e+06 
  3.517917914567e+01   2.341078182951e+06   2.146562276959e+06   1.318374540090e+06 
  3.524286570267e+01   2.313612681593e+06   2.156898105867e+06   1.335504212539e+06 
  3.530753858624e+01   2.285920716837e+06   2.167112038835e+06   1.352982244328e+06 
  3.537325983695e+01   2.257989655480e+06   2.177198353552e+06   1.370826990968e+06 
  3.544009422270e+01   2.229806894783e+06   2.187150417749e+06   1.389057687468e+06 
  3.550810860520e+01   2.201360231872e+06   2.196960497897e+06   1.407694270231e+06 
  3.557737087164e+01   2.172638404042e+06   2.206619524101e+06   1.426757071857e+06 
  3.564794825109e+01   2.143631860677e+06   2.216116804184e+06   1.446266335139e+06 
  3.571990478208e+01   2.114333841323e+06   2.225439682123e+06   1.466241476555e+06 
  3.579329765104e+01   2.084741843305e+06   2.234573142057e+06   1.486700014638e+06 
  3.586817210231e+01   2.054859556576e+06   2.243499371649e+06   1.507656071775e+06 
  3.594455467755e+01   2.024699306141e+06   2.252197321320e+06   1.529118372539e+06 
  3.602244474712e+01   1.994284948579e+06   2.260642331956e+06   1.551087719465e+06 
  3.610180474520e+01   1.963654989920e+06   2.268805953278e+06   1.573554056802e+06 
  3.618255027369e+01   1.932865418389e+06   2.276656127836e+06   1.596493453776e+06 
  3.626454221661e+01   1.901991426068e+06   2.284157943784e+06   1.619865630149e+06 
  3.634758383662e+01   1.871126980815e+06   2.291275116853e+06   1.643612902332e+06 
  3.643142581476e+01   1.840381351239e+06   2.297972204308e+06   1.667661444453e+06 
  3.651578068141e+01   1.809872375134e+06   2.304217290156e+06   1.691925334711e+06 
  3.660034514650e+01   1.779717381085e+06   2.309984616621e+06   1.716313002294e+06 
  3.668482575702e+01   1.750023688152e+06   2.315256540409e+06   1.740734771439e+06 
  3.676896193048e+01   1.720880876120e+06   2.320024364819e+06   1.765109759061e+06 
  3.685254162261e+01   1.692356334906e+06   2.324287965188e+06   1.789370699906e+06 
  3.693540783545e+01   1.664494400841e+06   2.328054481326e+06   1.813466117833e+06 
  3.701745708482e+01   1.637318350796e+06   2.331336529120e+06   1.837360120084e+06 
  3.709863256144e+01   1.610834056508e+06   2.334150358981e+06   1.861030584511e+06 
  3.717891489233e+01   1.585034171621e+06   2.336514246394e+06   1.884466581985e+06 
  3.725831270783e+01   1.559902073487e+06   2.338447240575e+06   1.907665685938e+06 
  3.733685429446e+01   1.535415162833e+06   2.339968280242e+06   1.930631556925e+06 
  3.741458084777e+01   1.511547410471e+06   2.341095622875e+06   1.953371966654e+06 
  3.749154135800e+01   1.488271204016e+06   2.341846513418e+06   1.975897282566e+06 
  3.756778891849e+01   1.465558618362e+06   2.342237021712e+06   1.998219359926e+06 
  3.764337817044e+01   1.443382245653e+06   2.342281991277e+06   2.020350763070e+06 
  3.771836360238e+01   1.421715706267e+06   2.341995057082e+06   2.042304236651e+06 
  3.779279846815e+01   1.400533937434e+06   2.341388702951e+06   2.064092359615e+06 
  3.786673413893e+01   1.379813332007e+06   2.340474339300e+06   2.085727328693e+06 
  3.794021975148e+01   1.359531779603e+06   2.339262389003e+06   2.107220831393e+06 
  3.801330205442e+01   1.339668646235e+06   2.337762374043e+06   2.128583979722e+06 
  3.808602538380e+01   1.320204716987e+06   2.335982998747e+06   2.149827284266e+06 
  3.815843172001e+01   1.301122118172e+06   2.333932227431e+06   2.170960654397e+06 
  3.823056079372e+01   1.282404229688e+06   2.331617355499e+06   2.191993414813e+06 
  3.830245021945e+01   1.264035594294e+06   2.329045073766e+06   2.212934331941e+06 
  3.837413564204e+01   1.246001828198e+06   2.326221526249e+06   2.233791645553e+06 
  3.844565088747e+01   1.228289535233e+06   2.323152361796e+06   2.254573102971e+06 
  3.851702811165e+01   1.210886226158e+06   2.319842780101e+06   2.275285993741e+06 
  3.858829794389e+01   1.193780243665e+06   2.316297572664e+06   2.295937183671e+06 
  3.865948962316e+01   1.176960693276e+06   2.312521159204e+06   2.316533147520e+06 
  3.873063112578e+01   1.160417380066e+06   2.308517620071e+06   2.337079999864e+06 
  3.880174928448e+01   1.144140750960e+06   2.304290725087e+06   2.357583523953e+06 
  3.887286989916e+01   1.128121842118e+06   2.299843959242e+06   2.378049198640e+06 
  3.894401783924e+01   1.112352231187e+06   2.295180545609e+06   2.398482223204e+06 
  3.901521713802e+01   1.096823993988e+06   2.290303465835e+06   2.418887540176e+06 
  3.908649108018e+01   1.081529665112e+06   2.285215478451e+06   2.439269856436e+06 
  3.915786228236e+01   1.066462202226e+06   2.279919135286e+06   2.459633662488e+06 
  3.922935276798e+01   1.051614953592e+06   2.274416796179e+06   2.479983250229e+06 
  3.930098403628e+01   1.036981628593e+06   2.268710642217e+06   2.500322729190e+06 
  3.937277712666e+01   1.022556270897e+06   2.262802687631e+06   2.520656041472e+06 
  3.944475267858e+01   1.008333233996e+06   2.256694790497e+06   2.540986975507e+06 
  3.951693098730e+01   9.943071589679e+05   2.250388662425e+06   2.561319178608e+06 
  3.958933205611e+01   9.804729541510e+05   2.243885877278e+06   2.581656168571e+06 
  3.966197564555e+01   9.668257765687e+05   2.237187879069e+06   2.602001344363e+06 
  3.973488131982e+01   9.533610149239e+05   2.230295989083e+06   2.622357995994e+06 
  3.980806849049e+01   9.400742740715e+05   2.223211412357e+06   2.642729313572e+06 
  3.988155645848e+01   9.269613607017e+05   2.215935243507e+06   2.663118395791e+06 
  3.995536445370e+01   9.140182702782e+05   2.208468472055e+06   2.683528257667e+06 
  4.002951167339e+01   9.012411749566e+05   2.200811987212e+06   2.703961837832e+06 
  4.010401731907e+01   8.886264124812e+05   2.192966582225e+06   2.724422005294e+06 
  4.017890063198e+01   8.761704759930e+05   2.184932958341e+06   2.744911565666e+06 
  4.025418092783e+01   8.638700045845e+05   2.176711728368e+06   2.765433267048e+06 
  4.032987763089e+01   8.517217745559e+05   2.168303419885e+06   2.785989805559e+06 
  4.040601030699e+01   8.397226913901e+05   2.159708478185e+06   2.806583830425e+06 
  4.048259869640e+01   8.278697822816e+05   2.150927268900e+06   2.827217948819e+06 
  4.055966274647e+01   8.161601892027e+05   2.141960080359e+06   2.847894730438e+06 
  4.063722264399e+01   8.045911624820e+05   2.132807125713e+06   2.868616711805e+06 
  4.071529884734e+01   7.931600548781e+05   2.123468544863e+06   2.889386400259e+06 
  4.079391211906e+01   7.818643160247e+05   2.113944406153e+06   2.910206277822e+06 
  4.087308355860e+01   7.707014872707e+05   2.104234707871e+06   2.931078804858e+06 
  4.095283463525e+01   7.596691969048e+05   2.094339379604e+06   2.952006423491e+06 
  4.103318722177e+01   7.487651556924e+05   2.084258283417e+06   2.972991560891e+06 
  4.111416362841e+01   7.379871527217e+05   2.073991214888e+06   2.994036632390e+06 
  4.119578663790e+01   7.273330515261e+05   2.063537904005e+06   3.015144044469e+06 
  4.127807954103e+01   7.168007864830e+05   2.052898015946e+06   3.036316197571e+06 
  4.136106617336e+01   7.063883594475e+05   2.042071151741e+06   3.057555488811e+06 
  4.144477095297e+01   6.960938366127e+05   2.031056848835e+06   3.078864314553e+06 
  4.152921891918e+01   6.859153456096e+05   2.019854581573e+06   3.100245072818e+06 
  4.161443577275e+01   6.758510727899e+05   2.008463761608e+06   3.121700165602e+06 
  4.170044791745e+01   6.658992606990e+05   1.996883738228e+06   3.143232001073e+06 
  4.178728250304e+01   6.560582057488e+05   1.985113798659e+06   3.164842995593e+06 
  4.187496746990e+01   6.463262560532e+05   1.973153168315e+06   3.186535575632e+06 
  4.196353159523e+01   6.367018094453e+05   1.961001011054e+06   3.208312179501e+06 
  4.205300454128e+01   6.271833116405e+05   1.948656429408e+06   3.230175258952e+06 
  4.214341690509e+01   6.177692545845e+05   1.936118464866e+06   3.252127280549e+06 
  4.223480027058e+01   6.084581749329e+05   1.923386098176e+06   3.274170726891e+06 
  4.232718726220e+01   5.992486527143e+05   1.910458249751e+06   3.296308097535e+06 
  4.242061160102e+01   5.901393101301e+05   1.897333780159e+06   3.318541909711e+06 
  4.251510816264e+01   5.811288105251e+05   1.884011490768e+06   3.340874698707e+06 
  4.261071303711e+01   5.722158575330e+05   1.870490124601e+06   3.363309017866e+06 
  4.270746359116e+01   5.633991943661e+05   1.856768367386e+06   3.385847438248e+06 
  4.280539853197e+01   5.546776033107e+05   1.842844848948e+06   3.408492547741e+06 
  4.290455797297e+01   5.460499053961e+05   1.828718144954e+06   3.431246949650e+06 
  4.300498350108e+01   5.375149602713e+05   1.814386779109e+06   3.454113260620e+06 
  4.310671824527e+01   5.290716662947e+05   1.799849225902e+06   3.477094107803e+06 
  4.320980694584e+01   5.207189608657e+05   1.785103914019e+06   3.500192125115e+06 
  4.331429602420e+01   5.124558210009e+05   1.770149230530e+06   3.523409948469e+06 
  4.342023365197e+01   5.042812642122e+05   1.754983526052e+06   3.546750209736e+06 
  4.352766981903e+01   4.961943496767e+05   1.739605121015e+06   3.570215529308e+06 
  4.363665639891e+01   4.881941797674e+05   1.724012313285e+06   3.593808506948e+06 
  4.374724721045e+01   4.802799019631e+05   1.708203387371e+06   3.617531710666e+06 
  4.385949807375e+01   4.724507111858e+05   1.692176625505e+06   3.641387663309e+06 
  4.397346685831e+01   4.647058526180e+05   1.675930320939e+06   3.665378826443e+06 
  4.408921352054e+01   4.570446250606e+05   1.659462793849e+06   3.689507581090e+06 
  4.420680012781e+01   4.494663848683e+05   1.642772410261e+06   3.713776204871e+06 
  4.432629086437e+01   4.419705505667e+05   1.625857604571e+06   3.738186844862e+06 
  4.444775201517e+01   4.345566081882e+05   1.608716906189e+06   3.762741485623e+06 
  4.457125192141e+01   4.272241174196e+05   1.591348970999e+06   3.787441911582e+06 
  4.469686090149e+01   4.199727186233e+05   1.573752618345e+06   3.812289663032e+06 
  4.482465112921e+01   4.128021408249e+05   1.555926874413e+06   3.837285984762e+06 
  4.495469646064e+01   4.057122107036e+05   1.537871022812e+06   3.862431766484e+06 
  4.508707219899e+01   3.987028626584e+05   1.519584663359e+06   3.887727473983e+06 
  4.522185478595e+01   3.917741499644e+05   1.501067779997e+06   3.913173070039e+06 
  4.535912140709e+01   3.849262570028e+05   1.482320818770e+06   3.938767924227e+06 
  4.549894949735e+01   3.781595124977e+05   1.463344776714e+06   3.964510710788e+06 
  4.564141613288e+01   3.714744036211e+05   1.444141302326e+06   3.990399294053e+06 
  4.578659729564e+01   3.648715907048e+05   1.424712807938e+06   4.016430601358e+06 
  4.593456699869e+01   3.583519221888e+05   1.405062593855e+06   4.042600483956e+06 
  4.608539626356e+01   3.519164492450e+05   1.385194983397e+06   4.068903567358e+06 
  4.623915194566e+01   3.455664393527e+05   1.365115467089e+06   4.095333093558e+06 
  4.639589541264e+01   3.393033878312e+05   1.344830852926e+06   4.121880759243e+06 
  4.655568108992e+01   3.331290261440e+05   1.324349418266e+06   4.148536555590e+06 
  4.671855490351e+01   3.270453255084e+05   1.303681057016e+06   4.175288617476e+06 
  4.688455266550e+01   3.210544941926e+05   1.282837414042e+06   4.202123091765e+06 
  4.705369846798e+01   3.151589667507e+05   1.261831996802e+06   4.229024036447e+06 
  4.722600316992e+01   3.093613835091e+05   1.240680252788e+06   4.255973363703e+06 
  4.740146307940e+01   3.036645588466e+05   1.219399600461e+06   4.282950840692e+06 
  4.758005894490e+01   2.980714373245e+05   1.198009401685e+06   4.309934160990e+06 
  4.776175537203e+01   2.925850374944e+05   1.176530865316e+06   4.336899097189e+06 
  4.794650077091e+01   2.872083842554e+05   1.154986875056e+06   4.363819740689e+06 
  4.813422791386e+01   2.819444318210e+05   1.133401739671e+06   4.390668828508e+06 
  4.832485514198e+01   2.767959805965e+05   1.111800870112e+06   4.417418149291e+06 
  4.851828820588e+01   2.717655923436e+05   1.090210395114e+06   4.444039012542e+06 
  4.871442266906e+01   2.668555086469e+05   1.068656733284e+06   4.470502758069e+06 
  4.891314674744e+01   2.620675778762e+05   1.047166144848e+06   4.496781277276e+06 
  4.911434441639e+01   2.574031953328e+05   1.025764288770e+06   4.522847515897e+06 
  4.931789859504e+01   2.528632602042e+05   1.004475810545e+06   4.548675929251e+06 
  4.952369421702e+01   2.484481514806e+05   9.833239827181e+05   4.574242865801e+06 
  4.973162101969e+01   2.441577232992e+05   9.623304145302e+05   4.599526862171e+06 
  4.994157592495e+01   2.399913185493e+05   9.415148399177e+05   4.624508841533e+06 
  5.015346492957e+01   2.359477983264e+05   9.208949863166e+05   4.649172215357e+06 
  5.036720447642e+01   2.320255838771e+05   9.004865200036e+05   4.673502896119e+06 
  5.058272231874e+01   2.282227073207e+05   8.803030591337e+05   4.697489233546e+06 
  5.079995792620e+01   2.245368674283e+05   8.603562423854e+05   4.721121890186e+06 
  5.101886249995e+01   2.209654871469e+05   8.406558401078e+05   4.744393672745e+06 
  5.123939867771e+01   2.175057700826e+05   8.212098947795e+05   4.767299335138e+06 
  5.146154000833e+01   2.141547538575e+05   8.020248790277e+05   4.789835367115e+06 
  5.168527026968e+01   2.109093589133e+05   7.831058612782e+05   4.811999779809e+06 
  5.191058269516e+01   2.077664319037e+05   7.644566710988e+05   4.833791896998e+06 
  5.213747916070e+01   2.047227833259e+05   7.460800584480e+05   4.855212158226e+06 
  5.236596937249e+01   2.017752194135e+05   7.279778429103e+05   4.876261937676e+06 
  5.259607008469e+01   1.989205685661e+05   7.101510504964e+05   4.896943380938e+06 
  5.282780436666e+01   1.961557027667e+05   6.926000368610e+05   4.917259260372e+06 
  5.306120093234e+01   1.934775545144e+05   6.753245966188e+05   4.937212848867e+06 
  5.329629353726e+01   1.908831298516e+05   6.583240591874e+05   4.956807810961e+06 
  5.353312044592e+01   1.883695180340e+05   6.415973718724e+05   4.976048110094e+06 
  5.377172396671e+01   1.859338983949e+05   6.251431713439e+05   4.994937930261e+06 
  5.401215005229e+01   1.835735448680e+05   6.089598445642e+05   5.013481610568e+06 
  5.425444796108e+01   1.812858285995e+05   5.930455803475e+05   5.031683591053e+06 
  5.449866997326e+01   1.790682190329e+05   5.773984127885e+05   5.049548368179e+06 
  5.474487115774e+01   1.769182837694e+05   5.620162575258e+05   5.067080458705e+06 
  5.499310918458e+01   1.748336874737e+05   5.468969418492e+05   5.084284370677e+06 
  5.524344417698e+01   1.728121900593e+05   5.320382295981e+05   5.101164580343e+06 
  5.549593859947e+01   1.708516443241e+05   5.174378415585e+05   5.117725514117e+06 
  5.575065717766e+01   1.689499931940e+05   5.030934720914e+05   5.133971534715e+06 
  5.600766684697e+01   1.671052666854e+05   4.890028025123e+05   5.149906930802e+06 
  5.626703672535e+01   1.653155787006e+05   4.751635118569e+05   5.165535909443e+06 
  5.652883810937e+01   1.635791237149e+05   4.615732853419e+05   5.180862590943e+06 
  5.679314449026e+01   1.618941734251e+05   4.482298209635e+05   5.195891005611e+06 
  5.706003158792e+01   1.602590734074e+05   4.351308345504e+05   5.210625092042e+06 
  5.732957740190e+01   1.586722398151e+05   4.222740635059e+05   5.225068696679e+06 
  5.760186227817e+01   1.571321561423e+05   4.096572694686e+05   5.239225574389e+06 
  5.787696898940e+01   1.556373700831e+05   3.972782401330e+05   5.253099389784e+06 
  5.815498283019e+01   1.541864904839e+05   3.851347902905e+05   5.266693719226e+06 
  5.843599172410e+01   1.527781844160e+05   3.732247623445e+05   5.280012053239e+06 
  5.872008634412e+01   1.514111743604e+05   3.615460263175e+05   5.293057799322e+06 
  5.900736024621e+01   1.500842355115e+05   3.500964794536e+05   5.305834285035e+06 
  5.929791001421e+01   1.487961932072e+05   3.388740455708e+05   5.318344761222e+06 
  5.959183541890e+01   1.475459204724e+05   3.278766741091e+05   5.330592405418e+06 
  5.988923958903e+01   1.463323356851e+05   3.171023390385e+05   5.342580325276e+06 
  6.000000000000e+01   1.458931315790e+05   3.131784490080e+05   5.346943419413e+06 
