  0.000000000000e+00   5.806000000000e+06   1.500000000000e+01   0.000000000000e+00 
  5.000000000000e-02   5.805999240537e+06   1.537973151710e+01   3.797315669198e-01 
  5.844435688644e-01   5.805989809402e+06   2.009529426384e+01   5.095303419575e+00 
  1.809082512034e+00   5.805955817972e+06   3.709092741545e+01   2.209110055662e+01 
  3.137264028334e+00   5.805885824096e+06   7.208737755923e+01   5.708852646519e+01 
  4.222777629720e+00   5.805781758088e+06   1.241188707104e+02   1.091230412549e+02 
  5.112459936295e+00   5.805642480920e+06   1.937539680977e+02   1.787651122096e+02 
  5.864155719059e+00   5.805465466930e+06   2.822541148930e+02   2.672789555934e+02 
  6.515444530568e+00   5.805247951243e+06   3.909998407940e+02   3.760489162690e+02 
  7.090460167250e+00   5.804987255163e+06   5.213279813255e+02   5.064168555321e+02 
  7.605481371791e+00   5.804680833925e+06   6.745077176500e+02   6.596583571227e+02 
  8.072019855847e+00   5.804326266411e+06   8.517456350635e+02   8.369879537548e+02 
  8.498532762302e+00   5.803921238211e+06   1.054194107617e+03   1.039567681448e+03 
  8.891425284353e+00   5.803463526761e+06   1.282958642976e+03   1.268514595655e+03 
  9.255670147295e+00   5.802950989152e+06   1.539103893112e+03   1.524906954864e+03 
  9.595208130050e+00   5.802381552062e+06   1.823658598302e+03   1.809789339313e+03 
  9.928878063154e+00   5.801719585166e+06   2.154416396047e+03   2.140998438010e+03 
  1.022904774479e+01   5.801022230103e+06   2.502815351856e+03   2.489954545003e+03 
  1.052335378155e+01   5.800229245678e+06   2.898939764503e+03   2.886814557638e+03 
  1.079087404348e+01   5.799400217504e+06   3.313011336316e+03   3.301771159577e+03 
  1.105368351828e+01   5.798470743872e+06   3.777181429497e+03   3.767074698262e+03 
  1.130639850467e+01   5.797454578146e+06   4.284559324655e+03   4.275862529655e+03 
  1.154776171142e+01   5.796357113684e+06   4.832429984691e+03   4.825456330922e+03 
  1.177803005874e+01   5.795179820245e+06   5.420036742955e+03   5.415143011650e+03 
  1.199793889238e+01   5.793922405073e+06   6.047501256233e+03   6.045093670780e+03 
  1.220831892804e+01   5.792583805704e+06   6.715327332684e+03   6.715866962881e+03 
  1.240996529526e+01   5.791162632010e+06   7.424179981762e+03   7.428188007987e+03 
  1.260359999974e+01   5.789657358761e+06   8.174789109548e+03   8.182852128959e+03 
  1.278986738356e+01   5.788066407738e+06   8.967908393682e+03   8.980683868797e+03 
  1.296934016964e+01   5.786388181677e+06   9.804298209062e+03   9.822520114253e+03 
  1.314252803871e+01   5.784621077490e+06   1.068471890628e+04   1.070920360420e+04 
  1.330988601961e+01   5.782763490654e+06   1.160992848905e+04   1.164158085715e+04 
  1.347182191013e+01   5.780813815901e+06   1.258068213877e+04   1.262050196063e+04 
  1.362870261589e+01   5.778770446376e+06   1.359773249497e+04   1.364682112861e+04 
  1.378085950694e+01   5.776631772188e+06   1.466183023876e+04   1.472139757324e+04 
  1.392859293849e+01   5.774396178713e+06   1.577372478746e+04   1.584509649947e+04 
  1.407217607712e+01   5.772062044821e+06   1.693416502846e+04   1.701879015061e+04 
  1.421185815281e+01   5.769627741071e+06   1.814390005767e+04   1.824335887118e+04 
  1.434786723693e+01   5.767091627897e+06   1.940367991899e+04   1.951969218419e+04 
  1.448041262630e+01   5.764452053785e+06   2.071425633788e+04   2.084868987691e+04 
  1.460968689940e+01   5.761707353445e+06   2.207638345394e+04   2.223126310096e+04 
  1.473586769729e+01   5.758855845961e+06   2.349081855175e+04   2.366833548715e+04 
  1.485911927313e+01   5.755895832924e+06   2.495832279497e+04   2.516084428122e+04 
  1.497959384569e+01   5.752825596525e+06   2.647966196828e+04   2.670974150638e+04 
  1.509743278611e+01   5.749643397621e+06   2.805560722604e+04   2.831599515274e+04 
  1.521276766231e+01   5.746347473743e+06   2.968693585493e+04   2.998059040253e+04 
  1.532572116127e+01   5.742936037057e+06   3.137443205051e+04   3.170453089264e+04 
  1.543640790591e+01   5.739407272273e+06   3.311888770956e+04   3.348884001777e+04 
  1.554493518139e+01   5.735759334469e+06   3.492110324635e+04   3.533456228457e+04 
  1.565140358237e+01   5.731990346851e+06   3.678188843192e+04   3.724276471758e+04 
  1.575590759186e+01   5.728098398409e+06   3.870206326400e+04   3.921453832703e+04 
  1.585853609962e+01   5.724081541512e+06   4.068245885760e+04   4.125099963032e+04 
  1.595937286893e+01   5.719937789355e+06   4.272391838510e+04   4.335329225946e+04 
  1.605849695668e+01   5.715665113321e+06   4.482729804416e+04   4.552258863468e+04 
  1.615598309317e+01   5.711261440201e+06   4.699346807209e+04   4.776009172648e+04 
  1.625190202604e+01   5.706724649288e+06   4.922331380464e+04   5.006703690693e+04 
  1.634632083246e+01   5.702052569318e+06   5.151773678349e+04   5.244469389837e+04 
  1.643930320387e+01   5.697242975217e+06   5.387765593593e+04   5.489436884727e+04 
  1.653090970488e+01   5.692293584719e+06   5.630400879079e+04   5.741740649045e+04 
  1.662119801079e+01   5.687202054745e+06   5.879775278299e+04   6.001519247218e+04 
  1.671022312527e+01   5.681965977572e+06   6.135986662905e+04   6.268915579896e+04 
  1.679803758000e+01   5.676582876793e+06   6.399135177161e+04   6.544077143527e+04 
  1.688469161897e+01   5.671050203002e+06   6.669323392155e+04   6.827156307603e+04 
  1.697023336876e+01   5.665365329200e+06   6.946656469760e+04   7.118310610217e+04 
  1.705470899615e+01   5.659525545898e+06   7.231242336923e+04   7.417703073263e+04 
  1.713816285463e+01   5.653528055886e+06   7.523191871765e+04   7.725502539631e+04 
  1.722063762050e+01   5.647369968662e+06   7.822619101018e+04   8.041884032754e+04 
  1.730217442068e+01   5.641048294420e+06   8.129641413502e+04   8.367029144451e+04 
  1.738281295199e+01   5.634559937641e+06   8.444379786793e+04   8.701126449124e+04 
  1.746259159373e+01   5.627901690172e+06   8.766959032040e+04   9.044371950749e+04 
  1.754154751380e+01   5.621070223807e+06   9.097508056165e+04   9.396969563176e+04 
  1.761971676902e+01   5.614062082304e+06   9.436160142883e+04   9.759131626721e+04 
  1.769713440128e+01   5.606873672724e+06   9.783053258498e+04   1.013107946905e+05 
  1.777383452902e+01   5.599501256107e+06   1.013833037987e+05   1.051304400944e+05 
  1.784985043529e+01   5.591940937363e+06   1.050213984977e+05   1.090526641397e+05 
  1.792521465267e+01   5.584188654338e+06   1.087463576081e+05   1.130799880536e+05 
  1.799995904587e+01   5.576240165932e+06   1.125597837227e+05   1.172150503452e+05 
  1.807411489248e+01   5.568091039166e+06   1.164633456305e+05   1.214606152037e+05 
  1.814771296220e+01   5.559736635119e+06   1.204587832376e+05   1.258195816432e+05 
  1.822078359531e+01   5.551172093593e+06   1.245479129251e+05   1.302949934822e+05 
  1.829335678088e+01   5.542392316335e+06   1.287326334026e+05   1.348900502620e+05 
  1.836546223473e+01   5.533391948763e+06   1.330149320701e+05   1.396081191670e+05 
  1.843712947864e+01   5.524165359864e+06   1.373968920073e+05   1.444527481288e+05 
  1.850838792057e+01   5.514706620186e+06   1.418806996115e+05   1.494276802026e+05 
  1.857926693683e+01   5.505009477647e+06   1.464686529731e+05   1.545368693797e+05 
  1.864979595632e+01   5.495067330971e+06   1.511631710460e+05   1.597844979829e+05 
  1.872000454845e+01   5.484873200338e+06   1.559668037617e+05   1.651749959003e+05 
  1.878992251421e+01   5.474419695094e+06   1.608822431143e+05   1.707130617915e+05 
  1.885957998179e+01   5.463698978072e+06   1.659123353681e+05   1.764036865599e+05 
  1.892900750724e+01   5.452702726163e+06   1.710600944934e+05   1.822521793436e+05 
  1.899823618090e+01   5.441422086694e+06   1.763287169649e+05   1.882641963415e+05 
  1.906729774032e+01   5.429847629164e+06   1.817215980450e+05   1.944457727915e+05 
  1.913622468974e+01   5.417969291891e+06   1.872423496638e+05   2.008033584452e+05 
  1.920505042786e+01   5.405776322907e+06   1.928948200907e+05   2.073438570024e+05 
  1.927380938283e+01   5.393257214726e+06   1.986831154378e+05   2.140746698365e+05 
  1.934253715561e+01   5.380399632366e+06   2.046116231378e+05   2.210037444963e+05 
  1.941127067056e+01   5.367190334248e+06   2.106850373946e+05   2.281396283577e+05 
  1.948004833208e+01   5.353615085701e+06   2.169083865368e+05   2.354915277623e+05 
  1.954891018504e+01   5.339658565028e+06   2.232870620769e+05   2.430693728953e+05 
  1.961789807440e+01   5.325304262669e+06   2.298268489813e+05   2.508838883493e+05 
  1.968705579710e+01   5.310534374691e+06   2.365339563261e+05   2.589466689831e+05 
  1.975642923471e+01   5.295329693145e+06   2.434150468894e+05   2.672702599652e+05 
  1.982606644952e+01   5.279669497781e+06   2.504772633692e+05   2.758682388494e+05 
  1.989601771759e+01   5.263531456585e+06   2.577282475782e+05   2.847552958367e+05 
  1.996633545844e+01   5.246891547340e+06   2.651761469423e+05   2.939473057179e+05 
  2.003707400250e+01   5.229724019242e+06   2.728295997261e+05   3.034613810318e+05 
  2.010828910812e+01   5.212001424292e+06   2.806976859615e+05   3.133158897466e+05 
  2.018003710127e+01   5.193694763378e+06   2.887898248508e+05   3.235304117710e+05 
  2.025237345697e+01   5.174773813853e+06   2.971155906609e+05   3.341255954863e+05 
  2.032535057096e+01   5.155207735724e+06   3.056844072543e+05   3.451228570214e+05 
  2.039901438896e+01   5.134966091965e+06   3.145050669150e+05   3.565438411196e+05 
  2.047339948435e+01   5.114020461643e+06   3.235850037645e+05   3.684095345923e+05 
  2.054852214845e+01   5.092346859323e+06   3.329292419069e+05   3.807388987701e+05 
  2.062437117695e+01   5.069929167841e+06   3.425389474964e+05   3.935468846624e+05 
  2.070089645650e+01   5.046763684933e+06   3.524095664384e+05   4.068417486288e+05 
  2.077799638089e+01   5.022864588404e+06   3.625286600684e+05   4.206217515281e+05 
  2.085550664294e+01   4.998269569614e+06   3.728737829621e+05   4.348716474239e+05 
  2.093319471186e+01   4.973044135068e+06   3.834110435717e+05   4.495598213600e+05 
  2.101076516727e+01   4.947282499024e+06   3.940951883538e+05   4.646373126224e+05 
  2.108787932826e+01   4.921103249034e+06   4.048718841746e+05   4.800398667915e+05 
  2.116418759899e+01   4.894639524194e+06   4.156821808530e+05   4.956932949533e+05 
  2.123936680748e+01   4.868025792250e+06   4.264681696721e+05   5.115210380780e+05 
  2.131315184768e+01   4.841384934361e+06   4.371782539547e+05   5.274518116845e+05 
  2.138535361477e+01   4.814819034028e+06   4.477706747702e+05   5.434252912021e+05 
  2.145586147911e+01   4.788405352250e+06   4.582147890238e+05   5.593948587259e+05 
  2.152463401191e+01   4.762196897542e+06   4.684904546749e+05   5.753276477835e+05 
  2.159168379163e+01   4.736225883007e+06   4.785862977108e+05   5.912028192826e+05 
  2.165706129493e+01   4.710508316954e+06   4.884976069424e+05   6.070090761036e+05 
  2.172084085348e+01   4.685048502975e+06   4.982243524091e+05   6.227421446162e+05 
  2.178310981060e+01   4.659842832786e+06   5.077695596264e+05   6.384026075875e+05 
  2.184396085178e+01   4.634882696622e+06   5.171380893286e+05   6.539942140494e+05 
  2.190348695949e+01   4.610156576098e+06   5.263357782146e+05   6.695226456869e+05 
  2.196177832381e+01   4.585651476808e+06   5.353688638777e+05   6.849946593148e+05 
  2.201892061113e+01   4.561353869361e+06   5.442436171022e+05   7.004175135367e+05 
  2.207499412802e+01   4.537250282844e+06   5.529661181555e+05   7.157985990006e+05 
  2.213007354827e+01   4.513327661665e+06   5.615421293356e+05   7.311452089991e+05 
  2.218422797774e+01   4.489573565637e+06   5.699770300353e+05   7.464644043276e+05 
  2.223752120996e+01   4.465976268695e+06   5.782757912684e+05   7.617629400367e+05 
  2.229001207873e+01   4.442524793807e+06   5.864429742851e+05   7.770472319076e+05 
  2.234175485064e+01   4.419208908662e+06   5.944827433556e+05   7.923233479827e+05 
  2.239279962336e+01   4.396019098306e+06   6.023988863126e+05   8.075970153817e+05 
  2.244319270990e+01   4.372946525318e+06   6.101948387649e+05   8.228736359169e+05 
  2.249297699905e+01   4.349982983884e+06   6.178737095684e+05   8.381583065479e+05 
  2.254219228755e+01   4.327120851820e+06   6.254383060808e+05   8.534558420989e+05 
  2.259087558203e+01   4.304353043387e+06   6.328911582292e+05   8.687707983837e+05 
  2.263906137218e+01   4.281672963882e+06   6.402345410821e+05   8.841074950355e+05 
  2.268678187613e+01   4.259074467177e+06   6.474704956014e+05   8.994700372220e+05 
  2.273406726088e+01   4.236551816233e+06   6.546008476226e+05   9.148623361440e+05 
  2.278094583942e+01   4.214099646984e+06   6.616272250183e+05   9.302881279974e+05 
  2.282744424772e+01   4.191712935169e+06   6.685510732391e+05   9.457509915918e+05 
  2.287358760272e+01   4.169386966412e+06   6.753736692176e+05   9.612543643703e+05 
  2.291939964433e+01   4.147117308977e+06   6.820961338755e+05   9.768015571471e+05 
  2.296490286278e+01   4.124899789139e+06   6.887194433138e+05   9.923957675471e+05 
  2.301011861298e+01   4.102730468988e+06   6.952444387979e+05   1.008040092214e+06 
  2.305506721755e+01   4.080605626371e+06   7.016718356791e+05   1.023737537950e+06 
  2.309976805971e+01   4.058521736802e+06   7.080022313498e+05   1.039491031848e+06 
  2.314423966723e+01   4.036475457143e+06   7.142361123298e+05   1.055303430527e+06 
  2.318849978825e+01   4.014463610975e+06   7.203738605497e+05   1.071177528475e+06 
  2.323256546019e+01   3.992483175386e+06   7.264157589429e+05   1.087116065671e+06 
  2.327645307220e+01   3.970531269103e+06   7.323619963983e+05   1.103121734498e+06 
  2.332017842218e+01   3.948605141792e+06   7.382126721517e+05   1.119197186057e+06 
  2.336375676845e+01   3.926702164588e+06   7.439677996256e+05   1.135345035786e+06 
  2.340720287713e+01   3.904819821544e+06   7.496273098285e+05   1.151567868628e+06 
  2.345053106530e+01   3.882955702077e+06   7.551910543115e+05   1.167868243612e+06 
  2.349375524066e+01   3.861107494197e+06   7.606588077636e+05   1.184248698039e+06 
  2.353688893761e+01   3.839272978685e+06   7.660302702211e+05   1.200711751094e+06 
  2.357994535036e+01   3.817450023972e+06   7.713050689731e+05   1.217259907055e+06 
  2.362293736341e+01   3.795636581686e+06   7.764827601936e+05   1.233895658121e+06 
  2.366587757930e+01   3.773830682953e+06   7.815628302914e+05   1.250621486755e+06 
  2.370877834401e+01   3.752030435359e+06   7.865446970226e+05   1.267439867618e+06 
  2.375165177012e+01   3.730234020559e+06   7.914277103866e+05   1.284353269055e+06 
  2.379450975802e+01   3.708439692473e+06   7.962111533352e+05   1.301364154192e+06 
  2.383736401478e+01   3.686645776234e+06   8.008942422817e+05   1.318474981484e+06 
  2.388022607159e+01   3.664850667594e+06   8.054761274885e+05   1.335688204918e+06 
  2.392310729899e+01   3.643052833070e+06   8.099558932958e+05   1.353006273634e+06 
  2.396601892036e+01   3.621250810749e+06   8.143325582318e+05   1.370431631019e+06 
  2.400897202371e+01   3.599443211678e+06   8.186050750382e+05   1.387966713283e+06 
  2.405197757157e+01   3.577628721985e+06   8.227723306138e+05   1.405613947401e+06 
  2.409504640909e+01   3.555806105679e+06   8.268331459044e+05   1.423375748416e+06 
  2.413818927030e+01   3.533974208177e+06   8.307862757667e+05   1.441254516056e+06 
  2.418141678248e+01   3.512131960560e+06   8.346304088330e+05   1.459252630607e+06 
  2.422473946843e+01   3.490278384701e+06   8.383641673863e+05   1.477372447913e+06 
  2.426816774683e+01   3.468412599083e+06   8.419861073158e+05   1.495616293601e+06 
  2.431171193020e+01   3.446533825633e+06   8.454947181368e+05   1.513986456231e+06 
  2.435538222083e+01   3.424641397301e+06   8.488884231656e+05   1.532485179533e+06 
  2.439918870402e+01   3.402734766682e+06   8.521655798490e+05   1.551114653469e+06 
  2.444314133910e+01   3.380813515443e+06   8.553244803332e+05   1.569877004224e+06 
  2.448724994736e+01   3.358877364918e+06   8.583633522802e+05   1.588774282802e+06 
  2.453152419755e+01   3.336926187496e+06   8.612803600383e+05   1.607808452466e+06 
  2.457597358818e+01   3.314960019102e+06   8.640736061920e+05   1.626981374706e+06 
  2.462060742686e+01   3.292979072618e+06   8.667411335733e+05   1.646294793809e+06 
  2.466543480650e+01   3.270983752216e+06   8.692809278110e+05   1.665750319973e+06 
  2.471046457823e+01   3.248974668593e+06   8.716909204845e+05   1.685349410923e+06 
  2.475570532115e+01   3.226952654967e+06   8.739689929717e+05   1.705093352061e+06 
  2.480116530884e+01   3.204918783721e+06   8.761129810722e+05   1.724983235207e+06 
  2.484685247291e+01   3.182874383526e+06   8.781206804889e+05   1.745019935985e+06 
  2.489277436359e+01   3.160821056731e+06   8.799898532507e+05   1.765204090019e+06 
  2.493893810789e+01   3.138760696702e+06   8.817182351569e+05   1.785536068141e+06 
  2.498535036555e+01   3.116695504893e+06   8.833035443044e+05   1.806015950803e+06 
  2.503201728364e+01   3.094628007094e+06   8.847434907669e+05   1.826643502139e+06 
  2.507894445030e+01   3.072561068552e+06   8.860357874529e+05   1.847418143995e+06 
  2.512613684857e+01   3.050497907408e+06   8.871781621641e+05   1.868338930428e+06 
  2.517359881167e+01   3.028442105775e+06   8.881683708441e+05   1.889404523381e+06 
  2.522133398054e+01   3.006397618031e+06   8.890042119598e+05   1.910613170009e+06 
  2.526934526548e+01   2.984368775501e+06   8.896835419328e+05   1.931962682566e+06 
  2.531763481292e+01   2.962360287056e+06   8.902042914795e+05   1.953450421464e+06 
  2.536620397957e+01   2.940377234773e+06   8.905644826774e+05   1.975073282550e+06 
  2.541505331496e+01   2.918425064323e+06   8.907622465146e+05   1.996827689162e+06 
  2.546418255440e+01   2.896509569378e+06   8.907958406358e+05   2.018709589986e+06 
  2.551359062365e+01   2.874636869779e+06   8.906636669466e+05   2.040714463275e+06 
  2.556327565663e+01   2.852813383229e+06   8.903642886975e+05   2.062837328074e+06 
  2.561323502718e+01   2.831045790478e+06   8.898964466425e+05   2.085072762880e+06 
  2.566346539518e+01   2.809340994296e+06   8.892590738533e+05   2.107414931850e+06 
  2.571396276754e+01   2.787706072565e+06   8.884513087695e+05   2.129857618665e+06 
  2.576472257309e+01   2.766148226451e+06   8.874725061004e+05   2.152394267449e+06 
  2.581573975104e+01   2.744674724249e+06   8.863222452191e+05   2.175018030532e+06 
  2.586700885063e+01   2.723292842528e+06   8.850003357821e+05   2.197721821690e+06 
  2.591852414082e+01   2.702009805511e+06   8.835068203589e+05   2.220498374130e+06 
  2.597027972659e+01   2.680832724479e+06   8.818419739828e+05   2.243340301538e+06 
  2.602226967003e+01   2.659768538422e+06   8.800063006072e+05   2.266240160970e+06 
  2.607448811225e+01   2.638823957660e+06   8.780005265888e+05   2.289190515751e+06 
  2.612692939407e+01   2.618005411577e+06   8.758255913861e+05   2.312183997037e+06 
  2.617958817171e+01   2.597319001834e+06   8.734826357840e+05   2.335213362382e+06 
  2.623245952555e+01   2.576770461940e+06   8.709729880008e+05   2.358271550059e+06 
  2.628553905953e+01   2.556365123835e+06   8.682981480911e+05   2.381351728074e+06 
  2.633882298907e+01   2.536107892087e+06   8.654597711163e+05   2.404447336797e+06 
  2.639230821674e+01   2.516003225680e+06   8.624596495169e+05   2.427552124803e+06 
  2.644599239488e+01   2.496055127291e+06   8.592996951350e+05   2.450660177574e+06 
  2.649987397442e+01   2.476267139873e+06   8.559819213249e+05   2.473765938802e+06 
  2.655395224066e+01   2.456642349846e+06   8.525084255040e+05   2.496864224650e+06 
  2.660822733665e+01   2.437183396196e+06   8.488813724571e+05   2.519950231347e+06 
  2.666270027455e+01   2.417892484862e+06   8.451029786822e+05   2.543019536456e+06 
  2.671737293664e+01   2.398771407432e+06   8.411754979547e+05   2.566068094614e+06 
  2.677224806717e+01   2.379821563339e+06   8.371012082602e+05   2.589092228401e+06 
  2.682732925615e+01   2.361043984776e+06   8.328824001885e+05   2.612088615036e+06 
  2.688262091659e+01   2.342439363578e+06   8.285213668411e+05   2.635054269581e+06 
  2.693812825671e+01   2.324008079240e+06   8.240203952224e+05   2.657986525538e+06 
  2.699385724778e+01   2.305750227672e+06   8.193817591367e+05   2.680883013191e+06 
  2.704981458929e+01   2.287665649923e+06   8.146077134761e+05   2.703741636601e+06 
  2.710600767186e+01   2.269753960683e+06   8.097004898909e+05   2.726560549426e+06 
  2.716244453905e+01   2.252014575977e+06   8.046622936999e+05   2.749338130323e+06 
  2.721913384850e+01   2.234446739980e+06   7.994953020002e+05   2.772072958020e+06 
  2.727608483288e+01   2.217049550647e+06   7.942016628570e+05   2.794763786496e+06 
  2.733330726136e+01   2.199821983995e+06   7.887834954765e+05   2.817409520529e+06 
  2.739081140118e+01   2.182762917129e+06   7.832428913237e+05   2.840009191548e+06 
  2.744860798021e+01   2.165871149741e+06   7.775819160384e+05   2.862561934221e+06 
  2.750670814990e+01   2.149145424281e+06   7.718026121323e+05   2.885066963587e+06 
  2.756512344907e+01   2.132584444715e+06   7.659070023715e+05   2.907523552913e+06 
  2.762386576792e+01   2.116186893986e+06   7.598970938023e+05   2.929931012212e+06 
  2.768294731270e+01   2.099951450181e+06   7.537748823580e+05   2.952288667461e+06 
  2.774238057007e+01   2.083876801571e+06   7.475423580240e+05   2.974595840405e+06 
  2.780217827169e+01   2.067961660481e+06   7.412015104937e+05   2.996851829025e+06 
  2.786235335798e+01   2.052204776208e+06   7.347543353242e+05   3.019055888468e+06 
  2.792291894138e+01   2.036604946942e+06   7.282028405221e+05   3.041207212536e+06 
  2.798388826835e+01   2.021161030849e+06   7.215490535691e+05   3.063304915582e+06 
  2.804527468006e+01   2.005871956318e+06   7.147950288323e+05   3.085348014850e+06 
  2.810709157121e+01   1.990736731495e+06   7.079428553706e+05   3.107335413134e+06 
  2.816935234682e+01   1.975754453091e+06   7.009946650812e+05   3.129265881827e+06 
  2.823207037677e+01   1.960924314517e+06   6.939526411668e+05   3.151138044316e+06 
  2.829525894761e+01   1.946245613350e+06   6.868190268834e+05   3.172950359766e+06 
  2.835893121173e+01   1.931717758162e+06   6.795961345311e+05   3.194701107307e+06 
  2.842310013334e+01   1.917340274672e+06   6.722863546348e+05   3.216388370693e+06 
  2.848777843176e+01   1.903112811182e+06   6.648921652286e+05   3.238010023590e+06 
  2.855297852149e+01   1.889035143261e+06   6.574161411846e+05   3.259563715555e+06 
  2.861871244953e+01   1.875107177625e+06   6.498609634838e+05   3.281046858891e+06 
  2.868499183010e+01   1.861328955102e+06   6.422294283096e+05   3.302456616588e+06 
  2.875182777721e+01   1.847700652590e+06   6.345244558266e+05   3.323789891583e+06 
  2.881923083565e+01   1.834222583901e+06   6.267490984993e+05   3.345043317600e+06 
  2.888721091103e+01   1.820895199370e+06   6.189065487748e+05   3.366213251855e+06 
  2.895577720005e+01   1.807719084088e+06   6.110001459302e+05   3.387295769982e+06 
  2.902493812181e+01   1.794694954624e+06   6.030333818861e+05   3.408286663490e+06 
  2.909470125172e+01   1.781823654133e+06   5.950099057594e+05   3.429181440107e+06 
  2.916507325936e+01   1.769106145670e+06   5.869335269129e+05   3.449975327418e+06 
  2.923605985197e+01   1.756543503677e+06   5.788082162960e+05   3.470663280027e+06 
  2.930766572524e+01   1.744136903527e+06   5.706381058256e+05   3.491239990648e+06 
  2.937989452332e+01   1.731887609093e+06   5.624274856150e+05   3.511699905292e+06 
  2.945274880971e+01   1.719796958365e+06   5.541807988644e+05   3.532037242771e+06 
  2.952623005087e+01   1.707866347168e+06   5.459026342790e+05   3.552246018553e+06 
  2.960033861407e+01   1.696097211093e+06   5.375977159028e+05   3.572320073004e+06 
  2.967507378077e+01   1.684491005870e+06   5.292708903806e+05   3.592253103749e+06 
  2.975043377648e+01   1.673049186395e+06   5.209271116523e+05   3.612038701952e+06 
  2.982641581799e+01   1.661773184741e+06   5.125714232026e+05   3.631670392057e+06 
  2.990301617745e+01   1.650664387580e+06   5.042089381150e+05   3.651141674305e+06 
  2.998023026343e+01   1.639724113395e+06   4.958448171537e+05   3.670446069451e+06 
  3.005805271764e+01   1.628953589959e+06   4.874842452691e+05   3.689577164772e+06 
  3.013647752605e+01   1.618353932581e+06   4.791324069304e+05   3.708528660489e+06 
  3.021549814185e+01   1.607926123608e+06   4.707944607944e+05   3.727294415598e+06 
  3.029510761850e+01   1.597670993599e+06   4.624755141660e+05   3.745868492235e+06 
  3.037529874951e+01   1.587589204639e+06   4.541805978180e+05   3.764245197543e+06 
  3.045606421231e+01   1.577681236096e+06   4.459146416457e+05   3.782419122258e+06 
  3.053739671288e+01   1.567947373150e+06   4.376824516675e+05   3.800385175182e+06 
  3.061928912839e+01   1.558387698235e+06   4.294886887732e+05   3.818138612991e+06 
  3.070173464481e+01   1.549002085513e+06   4.213378495992e+05   3.835675064888e+06 
  3.078472688714e+01   1.539790198384e+06   4.132342498228e+05   3.852990551794e+06 
  3.086826003995e+01   1.530751489938e+06   4.051820100669e+05   3.870081499995e+06 
  3.095232895681e+01   1.521885206155e+06   3.971850445195e+05   3.886944749325e+06 
  3.103692925689e+01   1.513190391693e+06   3.892470523513e+05   3.903577555955e+06 
  3.112205740876e+01   1.504665897863e+06   3.813715118008e+05   3.919977590336e+06 
  3.120771080025e+01   1.496310392577e+06   3.735616768935e+05   3.936142930529e+06 
  3.129388779519e+01   1.488122371848e+06   3.658205765723e+05   3.952072051580e+06 
  3.138058777736e+01   1.480100172512e+06   3.581510160286e+05   3.967763811459e+06 
  3.146781118212e+01   1.472241985850e+06   3.505555800201e+05   3.983217434130e+06 
  3.155555951723e+01   1.464545871754e+06   3.430366378794e+05   3.998432490366e+06 
  3.164383537379e+01   1.457009773148e+06   3.355963499457e+05   4.013408876906e+06 
  3.173264242860e+01   1.449631530402e+06   3.282366751730e+05   4.028146794425e+06 
  3.182198543934e+01   1.442408895509e+06   3.209593796384e+05   4.042646724852e+06 
  3.191187023364e+01   1.435339545841e+06   3.137660457393e+05   4.056909408419e+06 
  3.200230369378e+01   1.428421097299e+06   3.066580818161e+05   4.070935820885e+06 
  3.209329373755e+01   1.421651116781e+06   2.996367320663e+05   4.084727151152e+06 
  3.218484929697e+01   1.415027133848e+06   2.927030865316e+05   4.098284779620e+06 
  3.227698029558e+01   1.408546651534e+06   2.858580910384e+05   4.111610257428e+06 
  3.236969762485e+01   1.402207156306e+06   2.791025569896e+05   4.124705286705e+06 
  3.246301312107e+01   1.396006127108e+06   2.724371708757e+05   4.137571702017e+06 
  3.255693954281e+01   1.389941043544e+06   2.658625034625e+05   4.150211452994e+06 
  3.265149054986e+01   1.384009393193e+06   2.593790185817e+05   4.162626588225e+06 
  3.274668068385e+01   1.378208678104e+06   2.529870814879e+05   4.174819240408e+06 
  3.284252535096e+01   1.372536420511e+06   2.466869667643e+05   4.186791612725e+06 
  3.293904080708e+01   1.366990167803e+06   2.404788657513e+05   4.198545966445e+06 
  3.303624414566e+01   1.361567496820e+06   2.343628934941e+05   4.210084609686e+06 
  3.313415328787e+01   1.356266017521e+06   2.283390952476e+05   4.221409887232e+06 
  3.323278697641e+01   1.351083376050e+06   2.224074524679e+05   4.232524171482e+06 
  3.333216477162e+01   1.346017257297e+06   2.165678883986e+05   4.243429854304e+06 
  3.343230705096e+01   1.341065386973e+06   2.108202732079e+05   4.254129339819e+06 
  3.353323501132e+01   1.336225533260e+06   2.051644287259e+05   4.264625038015e+06 
  3.363497067508e+01   1.331495508050e+06   1.996001327579e+05   4.274919359192e+06 
  3.373753689855e+01   1.326873167885e+06   1.941271230773e+05   4.285014709038e+06 
  3.384095738371e+01   1.322356414571e+06   1.887451010624e+05   4.294913484367e+06 
  3.394525669352e+01   1.317943195524e+06   1.834537349944e+05   4.304618069482e+06 
  3.405046027006e+01   1.313631503889e+06   1.782526630761e+05   4.314130833035e+06 
  3.415659445583e+01   1.309419378465e+06   1.731414961808e+05   4.323454125354e+06 
  3.426368651877e+01   1.305304903430e+06   1.681198203182e+05   4.332590276252e+06 
  3.437176468016e+01   1.301286207938e+06   1.631871988953e+05   4.341541593167e+06 
  3.448085814594e+01   1.297361465583e+06   1.583431747535e+05   4.350310359664e+06 
  3.459099714157e+01   1.293528893754e+06   1.535872720058e+05   4.358898834240e+06 
  3.470221295068e+01   1.289786752884e+06   1.489189976829e+05   4.367309249433e+06 
  3.481453795687e+01   1.286133345650e+06   1.443378432370e+05   4.375543811113e+06 
  3.492800568989e+01   1.282567016086e+06   1.398432858693e+05   4.383604698045e+06 
  3.504265087571e+01   1.279086148650e+06   1.354347897237e+05   4.391494061626e+06 
  3.515850948996e+01   1.275689167283e+06   1.311118069854e+05   4.399214025732e+06 
  3.527561881681e+01   1.272374534391e+06   1.268737788221e+05   4.406766686787e+06 
  3.539401751193e+01   1.269140749838e+06   1.227201362427e+05   4.414154113920e+06 
  3.551374567054e+01   1.265986349901e+06   1.186503008513e+05   4.421378349247e+06 
  3.563484490029e+01   1.262909906242e+06   1.146636855279e+05   4.428441408230e+06 
  3.575735839994e+01   1.259910024856e+06   1.107596950209e+05   4.435345280124e+06 
  3.588133104408e+01   1.256985345018e+06   1.069377264616e+05   4.442091928521e+06 
  3.600680947370e+01   1.254134538253e+06   1.031971698300e+05   4.448683291917e+06 
  3.613384219409e+01   1.251356307293e+06   9.953740834473e+04   4.455121284363e+06 
  3.626247967983e+01   1.248649385049e+06   9.595781880363e+04   4.461407796148e+06 
  3.639277448745e+01   1.246012533603e+06   9.245777188329e+04   4.467544694513e+06 
  3.652478137695e+01   1.243444543209e+06   8.903663238370e+04   4.473533824407e+06 
  3.665855744255e+01   1.240944231297e+06   8.569375943191e+04   4.479377009271e+06 
  3.679416225335e+01   1.238510441511e+06   8.242850665202e+04   4.485076051837e+06 
  3.693165800495e+01   1.236142042753e+06   7.924022230023e+04   4.490632734946e+06 
  3.707110968277e+01   1.233837928250e+06   7.612824937103e+04   4.496048822379e+06 
  3.721258523913e+01   1.231597014624e+06   7.309192565980e+04   4.501326059716e+06 
  3.735615578344e+01   1.229418241002e+06   7.013058381933e+04   4.506466175179e+06 
  3.750189578882e+01   1.227300568125e+06   6.724355137578e+04   4.511470880500e+06 
  3.764988331561e+01   1.225242977478e+06   6.443015072416e+04   4.516341871798e+06 
  3.780020025310e+01   1.223244470447e+06   6.168969911235e+04   4.521080830441e+06 
  3.795293258287e+01   1.221304067477e+06   5.902150858885e+04   4.525689423934e+06 
  3.810817066391e+01   1.219420807259e+06   5.642488594687e+04   4.530169306794e+06 
  3.826600954387e+01   1.217593745924e+06   5.389913263652e+04   4.534522121439e+06 
  3.842654929756e+01   1.215821956256e+06   5.144354466834e+04   4.538749499075e+06 
  3.858989539632e+01   1.214104526918e+06   4.905741250064e+04   4.542853060582e+06 
  3.875615911242e+01   1.212440561687e+06   4.674002090150e+04   4.546834417411e+06 
  3.892545796019e+01   1.210829178717e+06   4.449064881402e+04   4.550695172469e+06 
  3.909791618183e+01   1.209269509788e+06   4.230856917908e+04   4.554436921033e+06 
  3.927366527873e+01   1.207760699590e+06   4.019304876979e+04   4.558061251640e+06 
  3.945284459759e+01   1.206301905003e+06   3.814334799197e+04   4.561569747005e+06 
  3.963560197566e+01   1.204892294388e+06   3.615872067803e+04   4.564963984934e+06 
  3.982209445345e+01   1.203531046889e+06   3.423841386365e+04   4.568245539247e+06 
  4.001248906339e+01   1.202217351738e+06   3.238166754661e+04   4.571415980716e+06 
  4.020696370397e+01   1.200950407566e+06   3.058771443411e+04   4.574476878000e+06 
  4.040570811129e+01   1.199729421725e+06   2.885577966832e+04   4.577429798607e+06 
  4.060892494112e+01   1.198553609598e+06   2.718508053540e+04   4.580276309866e+06 
  4.081683097620e+01   1.197422193926e+06   2.557482615936e+04   4.583017979914e+06 
  4.102965847785e+01   1.196334404128e+06   2.402421717157e+04   4.585656378701e+06 
  4.124765670223e+01   1.195289475614e+06   2.253244535972e+04   4.588193079027e+06 
  4.147109360507e+01   1.194286649110e+06   2.109869330156e+04   4.590629657588e+06 
  4.170025776554e+01   1.193325169967e+06   1.972213396711e+04   4.592967696066e+06 
  4.193546056273e+01   1.192404287464e+06   1.840193029791e+04   4.595208782239e+06 
  4.217703864522e+01   1.191523254105e+06   1.713723475971e+04   4.597354511135e+06 
  4.242535674340e+01   1.190681324910e+06   1.592718886322e+04   4.599406486226e+06 
  4.268081088171e+01   1.189877756683e+06   1.477092265521e+04   4.601366320661e+06 
  4.294383206210e+01   1.189111807274e+06   1.366755417216e+04   4.603235638554e+06 
  4.321489050373e+01   1.188382734817e+06   1.261618885480e+04   4.605016076328e+06 
  4.349450054236e+01   1.187689796950e+06   1.161591891934e+04   4.606709284131e+06 
  4.378322631591e+01   1.187032250005e+06   1.066582268343e+04   4.608316927312e+06 
  4.408168839304e+01   1.186409348181e+06   9.764963838596e+03   4.609840687981e+06 
  4.439057153765e+01   1.185820342669e+06   8.912390665752e+03   4.611282266666e+06 
  4.471063385224e+01   1.185264480750e+06   8.107135183163e+03   4.612643384067e+06 
  4.504271760196e+01   1.184741004845e+06   7.348212224847e+03   4.613925782930e+06 
  4.538776210429e+01   1.184249151520e+06   6.634618437961e+03   4.615131230042e+06 
  4.574681917700e+01   1.183788150422e+06   5.965331186265e+03   4.616261518392e+06 
  4.612107177413e+01   1.183357223166e+06   5.339307353469e+03   4.617318469481e+06 
  4.651185663548e+01   1.182955582136e+06   4.755482027656e+03   4.618303935836e+06 
  4.692069203012e+01   1.182582429200e+06   4.212767052672e+03   4.619219803748e+06 
  4.734931203195e+01   1.182236954328e+06   3.710049426857e+03   4.620067996245e+06 
  4.779970926341e+01   1.181918334092e+06   3.246189524937e+03   4.620850476383e+06 
  4.827418874394e+01   1.181625730032e+06   2.820019118231e+03   4.621569250850e+06 
  4.877543649725e+01   1.181358286861e+06   2.430339157616e+03   4.622226373981e+06 
  4.930660805424e+01   1.181115130489e+06   2.075917279880e+03   4.622823952231e+06 
  4.987144420657e+01   1.180895365823e+06   1.755484990448e+03   4.623364149186e+06 
  5.047442476415e+01   1.180698074315e+06   1.467734460764e+03   4.623849191224e+06 
  5.112097638864e+01   1.180522311189e+06   1.211314867183e+03   4.624281373944e+06 
  5.181775915383e+01   1.180367102305e+06   9.848281811711e+02   4.624663069514e+06 
  5.257307079753e+01   1.180231440565e+06   7.868242929542e+02   4.624996735142e+06 
  5.339743239215e+01   1.180114281769e+06   6.157953235135e+02   4.625284922907e+06 
  5.430446401886e+01   1.180014539790e+06   4.701689367246e+02   4.625530291273e+06 
  5.531224476868e+01   1.179931080897e+06   3.483004052325e+02   4.625735618698e+06 
  5.644552649167e+01   1.179862717009e+06   2.484630996072e+02   4.625903819891e+06 
  5.773955958690e+01   1.179808197547e+06   1.688369293842e+02   4.626037965523e+06 
  5.924725333628e+01   1.179766199368e+06   1.074939697144e+02   4.626141306662e+06 
  6.000000000000e+01   1.179751444206e+06   8.594151829296e+01   4.626177614276e+06 
