  0.000000000000e+00   1.000000000000e+00  1.326247369353e-315 
  1.000000000000e-03   9.999995000001e-01  -9.999994375001e-04 
  1.370606758941e-02   9.999060763958e-01  -1.370465200194e-02 
  4.666922597193e-02   9.989116194906e-01  -4.661606624389e-02 
  9.382103148528e-02   9.956089302241e-01  -9.340015315570e-02 
  1.478665384296e-01   9.891291340422e-01  -1.462403989716e-01 
  2.050425096425e-01   9.792027903224e-01  -2.007479921005e-01 
  2.639434364069e-01   9.657754670292e-01  -2.548674704779e-01 
  3.242397980975e-01   9.488066384578e-01  -3.075851489467e-01 
  3.860516853364e-01   9.282129985878e-01  -3.582686692681e-01 
  4.496956525232e-01   9.038623296705e-01  -4.063788066399e-01 
  5.155820763688e-01   8.755845971972e-01  -4.513359397457e-01 
  5.841457685482e-01   8.432040616414e-01  -4.924375141866e-01 
  6.557274208608e-01   8.066223620369e-01  -5.287898479873e-01 
  7.303255027329e-01   7.660025503513e-01  -5.592776922650e-01 
  8.072346584721e-01   7.220493752634e-01  -5.826904921403e-01 
  8.849366478613e-01   6.761333248741e-01  -5.981436119171e-01 
  9.616833606078e-01   6.299068533970e-01  -6.055616532911e-01 
  1.036292525458e+00   5.846907026739e-01  -6.056844309663e-01 
  1.108375700611e+00   5.412233116290e-01  -5.996359987414e-01 
  1.178092830426e+00   4.997844982043e-01  -5.885328291907e-01 
  1.245852814081e+00   4.604040084203e-01  -5.733180626031e-01 
  1.312130201248e+00   4.230077442892e-01  -5.547443489249e-01 
  1.377386224606e+00   3.874924128282e-01  -5.334085209907e-01 
  1.442047332139e+00   3.537563865581e-01  -5.097914190050e-01 
  1.506508893793e+00   3.217095754150e-01  -4.842892763861e-01 
  1.571148233643e+00   2.912747618183e-01  -4.572357859817e-01 
  1.636340805762e+00   2.623860859762e-01  -4.289171101596e-01 
  1.702477991214e+00   2.349869851267e-01  -3.995821319063e-01 
  1.769987139866e+00   2.090284256334e-01  -3.694496471737e-01 
  1.839355618420e+00   1.844677299385e-01  -3.387137092050e-01 
  1.911161442221e+00   1.612682144171e-01  -3.075481489350e-01 
  1.986113565452e+00   1.394000850080e-01  -2.761115859179e-01 
  2.065103724814e+00   1.188437457548e-01  -2.445555358348e-01 
  2.149262910754e+00   9.959849003011e-02  -2.130420854378e-01 
  2.239977046707e+00   8.170392111708e-02  -1.817881194072e-01 
  2.338684106929e+00   6.528899902349e-02  -1.511756079395e-01 
  2.446009635514e+00   5.065369885413e-02  -1.219679910673e-01 
  2.560180667266e+00   3.826812601758e-02  -9.543084007336e-02 
  2.676997027079e+00   2.846678380944e-02  -7.277791596456e-02 
  2.792511847319e+00   2.114287944350e-02  -5.435945185919e-02 
  2.904777657617e+00   1.587795780978e-02  -3.968744526071e-02 
  3.013294622477e+00   1.221748080691e-02  -2.795089659301e-02 
  3.117781325691e+00   9.803432566700e-03  -1.835666350497e-02 
  3.211290900008e+00   8.445915303794e-03  -1.070831158833e-02 
  3.297032842244e+00   7.812019070893e-03  -4.055812459836e-03 
  3.375446747669e+00   7.732631180135e-03   2.094275729313e-03 
  3.446934886234e+00   8.093312412481e-03   8.091714865841e-03 
  3.512096336857e+00   8.815499382333e-03   1.419434778463e-02 
  3.571616906121e+00   9.846608169109e-03   2.059194101875e-02 
  3.626179252604e+00   1.115238453300e-02   2.742611821878e-02 
  3.676411927360e+00   1.271122150445e-02   3.480553182462e-02 
  3.722869004708e+00   1.451014245077e-02   4.281662442207e-02 
  3.766027917711e+00   1.654207332922e-02   5.153102681471e-02 
  3.808396481583e+00   1.893289748456e-02   6.154621040775e-02 
  3.846263332765e+00   2.145694387659e-02   7.197312187333e-02 
  3.883336259758e+00   2.433992835787e-02   8.379267473452e-02 
  3.916822779205e+00   2.734785825182e-02   9.608100021819e-02 
  3.949675530848e+00   3.072685854805e-02   1.098743090882e-01 
  3.981189728301e+00   3.442329371369e-02   1.249791405441e-01 
  4.011205353774e+00   3.841590935875e-02   1.413321039224e-01 
  4.039764826717e+00   4.269955371809e-02   1.589325789112e-01 
  4.066974688117e+00   4.727693538930e-02   1.778096553536e-01 
  4.092953697638e+00   5.215470967916e-02   1.980068598180e-01 
  4.117814909923e+00   5.734168085579e-02   2.195753722039e-01 
  4.141660534730e+00   6.284799424945e-02   2.425711365522e-01 
  4.164581371855e+00   6.868478161149e-02   2.670537168134e-01 
  4.186657728554e+00   7.486401228761e-02   2.930859215286e-01 
  4.207960692373e+00   8.139843813487e-02   3.207337627332e-01 
  4.228553373353e+00   8.830158190897e-02   3.500665586692e-01 
  4.248492002626e+00   9.558774663874e-02   3.811570983692e-01 
  4.267826870760e+00   1.032720358987e-01   4.140818337041e-01 
  4.286603120072e+00   1.113703804015e-01   4.489210850273e-01 
  4.304861412383e+00   1.198995687927e-01   4.857592552927e-01 
  4.322638493075e+00   1.288772816428e-01   5.246850511701e-01 
  4.339967669414e+00   1.383221281484e-01   5.657917111552e-01 
  4.356879218033e+00   1.482536853023e-01   6.091772412387e-01 
  4.373400733691e+00   1.586925394256e-01   6.549446588945e-01 
  4.389557429141e+00   1.696603300215e-01   7.032022462005e-01 
  4.405372394109e+00   1.811797959618e-01   7.540638129123e-01 
  4.420866819905e+00   1.932748240408e-01   8.076489702939e-01 
  4.436060195011e+00   2.059704999574e-01   8.640834165102e-01 
  4.450970476052e+00   2.192931618009e-01   9.234992343735e-01 
  4.465614237796e+00   2.332704561310e-01   9.860352022481e-01 
  4.480006805202e+00   2.479313967531e-01   1.051837118920e+00 
  4.494162370058e+00   2.633064263003e-01   1.121058143257e+00 
  4.508094094331e+00   2.794274807444e-01   1.193859149504e+00 
  4.521814202013e+00   2.963280569650e-01   1.270409099073e+00 
  4.535334060979e+00   3.140432835140e-01   1.350885429738e+00 
  4.548664256148e+00   3.326099947234e-01   1.435474463139e+00 
  4.561814655035e+00   3.520668083091e-01   1.524371831573e+00 
  4.574794466637e+00   3.724542066328e-01   1.617782925049e+00 
  4.587612294455e+00   3.938146217926e-01   1.715923359659e+00 
  4.600276184348e+00   4.161925247215e-01   1.819019468331e+00 
  4.612793667813e+00   4.396345184785e-01   1.927308815084e+00 
  4.625171801218e+00   4.641894359305e-01   2.041040733975e+00 
  4.637417201429e+00   4.899084420277e-01   2.160476893932e+00 
  4.649536078231e+00   5.168451408884e-01   2.285891890773e+00 
  4.661534263885e+00   5.450556879174e-01   2.417573867731e+00 
  4.673417240119e+00   5.745989071890e-01   2.555825165880e+00 
  4.685190162824e+00   6.055364143464e-01   2.700963005925e+00 
  4.696857884678e+00   6.379327452671e-01   2.853320202873e+00 
  4.708424975910e+00   6.718554907657e-01   3.013245915177e+00 
  4.719895743388e+00   7.073754376148e-01   3.181106430025e+00 
  4.731274248186e+00   7.445667161768e-01   3.357285986523e+00 
  4.742564321770e+00   7.835069549527e-01   3.542187638585e+00 
  4.753769580949e+00   8.242774423678e-01   3.736234159450e+00 
  4.764893441676e+00   8.669632961348e-01   3.939868989839e+00 
  4.775939131831e+00   9.116536405366e-01   4.153557231810e+00 
  4.786909703048e+00   9.584417920068e-01   4.377786690566e+00 
  4.797808041695e+00   1.007425453381e+00   4.613068966441e+00 
  4.808636879058e+00   1.058706917228e+00   4.859940599532e+00 
  4.819398800811e+00   1.112393278680e+00   5.118964269469e+00 
  4.830096255815e+00   1.168596658199e+00   5.390730052952e+00 
  4.840731564324e+00   1.227434434740e+00   5.675856741851e+00 
  4.851306925619e+00   1.289029489793e+00   5.974993224737e+00 
  4.861824425138e+00   1.353510462812e+00   6.288819934880e+00 
  4.872286041126e+00   1.421012018545e+00   6.618050367917e+00 
  4.882693650848e+00   1.491675126830e+00   6.963432672477e+00 
  4.893049036398e+00   1.565647355420e+00   7.325751317274e+00 
  4.903353890140e+00   1.643083176459e+00   7.705828838319e+00 
  4.913609819787e+00   1.724144287216e+00   8.104527670068e+00 
  4.923818353179e+00   1.808999945756e+00   8.522752064505e+00 
  4.933980942745e+00   1.897827322234e+00   8.961450102394e+00 
  4.944098969698e+00   1.990811866520e+00   9.421615801001e+00 
  4.954173747970e+00   2.088147692945e+00   9.904291323052e+00 
  4.964206527908e+00   2.190037982915e+00   1.041056929157e+01 
  4.974198499746e+00   2.296695406261e+00   1.094159521577e+01 
  4.984150796870e+00   2.408342562154e+00   1.149857003324e+01 
  4.994064498885e+00   2.525212440529e+00   1.208275277401e+01 
  5.003940634511e+00   2.647548904934e+00   1.269546335221e+01 
  5.013780184295e+00   2.775607197803e+00   1.333808549156e+01 
  5.023584083181e+00   2.909654469208e+00   1.401206979087e+01 
  5.033353222917e+00   3.049970330151e+00   1.471893693643e+01 
  5.043088454337e+00   3.196847431538e+00   1.546028106806e+01 
  5.052790589501e+00   3.350592070035e+00   1.623777330637e+01 
  5.062460403722e+00   3.511524822030e+00   1.705316544867e+01 
  5.072098637478e+00   3.679981207016e+00   1.790829384180e+01 
  5.081705998211e+00   3.856312381748e+00   1.880508344008e+01 
  5.091283162033e+00   4.040885866582e+00   1.974555205728e+01 
  5.100830775334e+00   4.234086305517e+00   2.073181482191e+01 
  5.110349456299e+00   4.436316261471e+00   2.176608884542e+01 
  5.119839796348e+00   4.647997048410e+00   2.285069811332e+01 
  5.129302361491e+00   4.869569602083e+00   2.398807861019e+01 
  5.138737693616e+00   5.101495391079e+00   2.518078368923e+01 
  5.148146311698e+00   5.344257370116e+00   2.643148969827e+01 
  5.157528712954e+00   5.598360977505e+00   2.774300187449e+01 
  5.166885373927e+00   5.864335178807e+00   2.911826052024e+01 
  5.176216751517e+00   6.142733558849e+00   3.056034747377e+01 
  5.185523283954e+00   6.434135464293e+00   3.207249288855e+01 
  5.194805391724e+00   6.739147199140e+00   3.365808233599e+01 
  5.204063478440e+00   7.058403275577e+00   3.532066424693e+01 
  5.213297931673e+00   7.392567722718e+00   3.706395770780e+01 
  5.222509123736e+00   7.742335455945e+00   3.889186062852e+01 
  5.231697412427e+00   8.108433709623e+00   4.080845829967e+01 
  5.240863141734e+00   8.491623536107e+00   4.281803235736e+01 
  5.250006642505e+00   8.892701374120e+00   4.492507017522e+01 
  5.259128233079e+00   9.312500689685e+00   4.713427470372e+01 
  5.268228219892e+00   9.751893692965e+00   4.945057477799e+01 
  5.277306898042e+00   1.021179313453e+01   5.187913591655e+01 
  5.286364551832e+00   1.069315418466e+01   5.442537163398e+01 
  5.295401455284e+00   1.119697639963e+01   5.709495529202e+01 
  5.304417872624e+00   1.172430577878e+01   5.989383251450e+01 
  5.313414058746e+00   1.227623691681e+01   6.282823419308e+01 
  5.322390259651e+00   1.285391525553e+01   6.590469011150e+01 
  5.331346712862e+00   1.345853943962e+01   6.913004321764e+01 
  5.340283647819e+00   1.409136378135e+01   7.251146457444e+01 
  5.349201286258e+00   1.475370083917e+01   7.605646902131e+01 
  5.358099842563e+00   1.544692411536e+01   7.977293157986e+01 
  5.366979524109e+00   1.617247087840e+01   8.366910463955e+01 
  5.375840531581e+00   1.693184511569e+01   8.775363595949e+01 
  5.384683059281e+00   1.772662062261e+01   9.203558752545e+01 
  5.393507295418e+00   1.855844423430e+01   9.652445530272e+01 
  5.402313422383e+00   1.942903920654e+01   1.012301899263e+02 
  5.411101617016e+00   2.034020875289e+01   1.061632183737e+02 
  5.419872050850e+00   2.129383974502e+01   1.113344666667e+02 
  5.428624890349e+00   2.229190658382e+01   1.167553836503e+02 
  5.437360297136e+00   2.333647524931e+01   1.224379658991e+02 
  5.446078428207e+00   2.442970753727e+01   1.283947838069e+02 
  5.454779436131e+00   2.557386549151e+01   1.346390089121e+02 
  5.463463469249e+00   2.677131604049e+01   1.411844425195e+02 
  5.472130671855e+00   2.802453584802e+01   1.480455456800e+02 
  5.480781184372e+00   2.933611638747e+01   1.552374705897e+02 
  5.489415143520e+00   3.070876925025e+01   1.627760934787e+02 
  5.498032682473e+00   3.214533169892e+01   1.706780490577e+02 
  5.506633931012e+00   3.364877247642e+01   1.789607665966e+02 
  5.515219015667e+00   3.522219788311e+01   1.876425077122e+02 
  5.523788059854e+00   3.686885813401e+01   1.967424059455e+02 
  5.532341184009e+00   3.859215400905e+01   2.062805082137e+02 
  5.540878505705e+00   4.039564380973e+01   2.162778182231e+02 
  5.549400139776e+00   4.228305063645e+01   2.267563419386e+02 
  5.557906198428e+00   4.425827000122e+01   2.377391352041e+02 
  5.566396791344e+00   4.632537779096e+01   2.492503536164e+02 
  5.574872025788e+00   4.848863859782e+01   2.613153047594e+02 
  5.583332006703e+00   5.075251443298e+01   2.739605029071e+02 
  5.591776836799e+00   5.312167384192e+01   2.872137263152e+02 
  5.600206616649e+00   5.560100143965e+01   3.011040772220e+02 
  5.608621444763e+00   5.819560788450e+01   3.156620446842e+02 
  5.617021417678e+00   6.091084031158e+01   3.309195703835e+02 
  5.625406630028e+00   6.375229324623e+01   3.469101175438e+02 
  5.633777174618e+00   6.672582002005e+01   3.636687431037e+02 
  5.642133142495e+00   6.983754471217e+01   3.812321732992e+02 
  5.650474623013e+00   7.309387464000e+01   3.996388828155e+02 
  5.658801703896e+00   7.650151342505e+01   4.189291776785e+02 
  5.667114471298e+00   8.006747465950e+01   4.391452820586e+02 
  5.675413009861e+00   8.379909620161e+01   4.603314291718e+02 
  5.683697402771e+00   8.770405512868e+01   4.825339564732e+02 
  5.691967731806e+00   9.179038337790e+01   5.058014053419e+02 
  5.700224077391e+00   9.606648410616e+01   5.301846254691e+02 
  5.708466518642e+00   1.005411488024e+02   5.557368841713e+02 
  5.716695133415e+00   1.052235751865e+02   5.825139808582e+02 
  5.724909998344e+00   1.101233859310e+02   6.105743669009e+02 
  5.733111188888e+00   1.152506482435e+02   6.399792711492e+02 
  5.741298779367e+00   1.206158943491e+02   6.707928313684e+02 
  5.749472843001e+00   1.262301429143e+02   7.030822318718e+02 
  5.757633451948e+00   1.321049214543e+02   7.369178476349e+02 
  5.765780677333e+00   1.382522897712e+02   7.723733952048e+02 
  5.773914589290e+00   1.446848644680e+02   8.095260907168e+02 
  5.782035256982e+00   1.514158445891e+02   8.484568153535e+02 
  5.790142748643e+00   1.584590384378e+02   8.892502885965e+02 
  5.798237131597e+00   1.658288916260e+02   9.319952496363e+02 
  5.806318472293e+00   1.735405164119e+02   9.767846473216e+02 
  5.814386836327e+00   1.816097223839e+02   1.023715839050e+03 
  5.822442288468e+00   1.900530485540e+02   1.072890799017e+03 
  5.830484892684e+00   1.988877969237e+02   1.124416336268e+03 
  5.838514712163e+00   2.081320675906e+02   1.178404323001e+03 
  5.846531809335e+00   2.178047954669e+02   1.234971933618e+03 
  5.854536245898e+00   2.279257886814e+02   1.294241895015e+03 
  5.862528082830e+00   2.385157687447e+02   1.356342748635e+03 
  5.870507380418e+00   2.495964125553e+02   1.421409124844e+03 
  5.878474198267e+00   2.611903963354e+02   1.489582030216e+03 
  5.886428595326e+00   2.733214415783e+02   1.561009148299e+03 
  5.894370629902e+00   2.860143631060e+02   1.635845154535e+03 
  5.902300359675e+00   2.992951193283e+02   1.714252045954e+03 
  5.910217841715e+00   3.131908648079e+02   1.796399486379e+03 
  5.918123132500e+00   3.277300052340e+02   1.882465167823e+03 
  5.926016287926e+00   3.429422549166e+02   1.972635188867e+03 
  5.933897363322e+00   3.588586969153e+02   2.067104450806e+03 
  5.941766413468e+00   3.755118459249e+02   2.166077072378e+03 
  5.949623492600e+00   3.929357140409e+02   2.269766823976e+03 
  5.957468654431e+00   4.111658795403e+02   2.378397582225e+03 
  5.965301952157e+00   4.302395588118e+02   2.492203805888e+03 
  5.973123438468e+00   4.501956815813e+02   2.611431034103e+03 
  5.980933165565e+00   4.710749695830e+02   2.736336407982e+03 
  5.988731185165e+00   4.929200188345e+02   2.867189216684e+03 
  5.996517548513e+00   5.157753856779e+02   3.004271469078e+03 
  6.004292306393e+00   5.396876767600e+02   3.147878492212e+03 
  6.012055509135e+00   5.647056431349e+02   3.298319557843e+03 
  6.019807206626e+00   5.908802786710e+02   3.455918538315e+03 
  6.027547448319e+00   6.182649229630e+02   3.621014593177e+03 
  6.035276283241e+00   6.469153689563e+02   3.793962887980e+03 
  6.042993760000e+00   6.768899754924e+02   3.975135346722e+03 
  6.050699926795e+00   7.082497850069e+02   4.164921439558e+03 
  6.058394831422e+00   7.410586466111e+02   4.363729007381e+03 
  6.066078521283e+00   7.753833448039e+02   4.571985125019e+03 
  6.073751043390e+00   8.112937340704e+02   4.790137004827e+03 
  6.081412444376e+00   8.488628796397e+02   5.018652942602e+03 
  6.089062770499e+00   8.881672046743e+02   5.258023307725e+03 
  6.096702067649e+00   9.292866441934e+02   5.508761579664e+03 
  6.104330381353e+00   9.723048060325e+02   5.771405432951e+03 
  6.111947756785e+00   1.017309139162e+03   6.046517872921e+03 
  6.119554238765e+00   1.064391109696e+03   6.334688424549e+03 
  6.127149871774e+00   1.113646384952e+03   6.636534376910e+03 
  6.134734699949e+00   1.165175025917e+03   6.952702085780e+03 
  6.142308767097e+00   1.219081688505e+03   7.283868337156e+03 
  6.149872116695e+00   1.275475834019e+03   7.630741774506e+03 
  6.157424791896e+00   1.334471949221e+03   7.994064392702e+03 
  6.164966835537e+00   1.396189776455e+03   8.374613101752e+03 
  6.172498290138e+00   1.460754554282e+03   8.773201363610e+03 
  6.180019197912e+00   1.528297269102e+03   9.190680905396e+03 
  6.187529600765e+00   1.598954918273e+03   9.627943512686e+03 
  6.195029540303e+00   1.672870785233e+03   1.008592290648e+04 
  6.202519057837e+00   1.750194727188e+03   1.056559670784e+04 
  6.209998194383e+00   1.831083475935e+03   1.106798849419e+04 
  6.217466990670e+00   1.915700952408e+03   1.159416995168e+04 
  6.224925487143e+00   2.004218595588e+03   1.214526312786e+04 
  6.232373723965e+00   2.096815706411e+03   1.272244278959e+04 
  6.239811741020e+00   2.193679807379e+03   1.332693889084e+04 
  6.247239577923e+00   2.295007018569e+03   1.396003915568e+04 
  6.254657274013e+00   2.401002450801e+03   1.462309178165e+04 
  6.262064868366e+00   2.511880616731e+03   1.531750826929e+04 
  6.269462399793e+00   2.627865860706e+03   1.604476638350e+04 
  6.276849906845e+00   2.749192808208e+03   1.680641325296e+04 
  6.284227427816e+00   2.876106835794e+03   1.760406861402e+04 
  6.291595000743e+00   3.008864562467e+03   1.843942820577e+04 
  6.298952663416e+00   3.147734363445e+03   1.931426732325e+04 
  6.306300453373e+00   3.292996907353e+03   2.023044453630e+04 
  6.313638407908e+00   3.444945717884e+03   2.118990558147e+04 
  6.320966564073e+00   3.603887761068e+03   2.219468743525e+04 
  6.328284958678e+00   3.770144059303e+03   2.324692257709e+04 
  6.335593628298e+00   3.944050333355e+03   2.434884345070e+04 
  6.342892609270e+00   4.125957673606e+03   2.550278713314e+04 
  6.350181937702e+00   4.316233241887e+03   2.671120022123e+04 
  6.357461649471e+00   4.515261005270e+03   2.797664394531e+04 
  6.364731780227e+00   4.723442503275e+03   2.930179952096e+04 
  6.371992365393e+00   4.941197650017e+03   3.068947374970e+04 
  6.379243440172e+00   5.168965572889e+03   3.214260488022e+04 
  6.386485039547e+00   5.407205489406e+03   3.366426874220e+04 
  6.393717198281e+00   5.656397623976e+03   3.525768516539e+04 
  6.400939950922e+00   5.917044166398e+03   3.692622469699e+04 
  6.408153331805e+00   6.189670273984e+03   3.867341563158e+04 
  6.415357375054e+00   6.474825119272e+03   4.050295136749e+04 
  6.422552114580e+00   6.773082985450e+03   4.241869810541e+04 
  6.429737584092e+00   7.085044411564e+03   4.442470290436e+04 
  6.436913817090e+00   7.411337389871e+03   4.652520211224e+04 
  6.444080846871e+00   7.752618617631e+03   4.872463018782e+04 
  6.451238706533e+00   8.109574805836e+03   5.102762893252e+04 
  6.458387428971e+00   8.482924047460e+03   5.343905715098e+04 
  6.465527046885e+00   8.873417247923e+03   5.596400076007e+04 
  6.472657592778e+00   9.281839620609e+03   5.860778336739e+04 
  6.479779098961e+00   9.709012250362e+03   6.137597734070e+04 
  6.486891597549e+00   1.015579372803e+04   6.427441539101e+04 
  6.493995120471e+00   1.062308185937e+04   6.730920269341e+04 
  6.501089699465e+00   1.111181545150e+04   7.048672957006e+04 
  6.508175366081e+00   1.162297618073e+04   7.381368476192e+04 
  6.515252151687e+00   1.215759054504e+04   7.729706931556e+04 
  6.522320087465e+00   1.271673190537e+04   8.094421111442e+04 
  6.529379204414e+00   1.330152261967e+04   8.476278008365e+04 
  6.536429533356e+00   1.391313627388e+04   8.876080410046e+04 
  6.543471104931e+00   1.455280001417e+04   9.294668564126e+04 
  6.550503949605e+00   1.522179698513e+04   9.732921920090e+04 
  6.557528097664e+00   1.592146887868e+04   1.019176095190e+05 
  6.564543579224e+00   1.665321859873e+04   1.067214906512e+05 
  6.571550424226e+00   1.741851304679e+04   1.117509459236e+05 
  6.578548662441e+00   1.821888603398e+04   1.170165288113e+05 
  6.585538323468e+00   1.905594132532e+04   1.225292847853e+05 
  6.592519436740e+00   1.993135582208e+04   1.283007741693e+05 
  6.599492031523e+00   2.084688288865e+04   1.343430960566e+05 
  6.606456136915e+00   2.180435583021e+04   1.406689133332e+05 
  6.613411781854e+00   2.280569152834e+04   1.472914788597e+05 
  6.620358995111e+00   2.385289424148e+04   1.542246628647e+05 
  6.627297805298e+00   2.494805957775e+04   1.614829816066e+05 
  6.634228240866e+00   2.609337864800e+04   1.690816273604e+05 
  6.641150330107e+00   2.729114240720e+04   1.770364997931e+05 
  6.648064101157e+00   2.854374619272e+04   1.853642387902e+05 
  6.654969581994e+00   2.985369446832e+04   1.940822588000e+05 
  6.661866800441e+00   3.122360578319e+04   2.032087847662e+05 
  6.668755784168e+00   3.265621795586e+04   2.127628897220e+05 
  6.675636560694e+00   3.415439349308e+04   2.227645341237e+05 
  6.682509157382e+00   3.572112525426e+04   2.332346070001e+05 
  6.689373601451e+00   3.735954237252e+04   2.441949690053e+05 
  6.696229919966e+00   3.907291644412e+04   2.556684974605e+05 
  6.703078139846e+00   4.086466799843e+04   2.676791334783e+05 
  6.709918287865e+00   4.273837326073e+04   2.802519312621e+05 
  6.716750390648e+00   4.469777122153e+04   2.934131096840e+05 
  6.723574474680e+00   4.674677102605e+04   3.071901062450e+05 
  6.730390566300e+00   4.888945969837e+04   3.216116335273e+05 
  6.737198691705e+00   5.113011021532e+04   3.367077382522e+05 
  6.743998876951e+00   5.347318994583e+04   3.525098630650e+05 
  6.750791147956e+00   5.592336947254e+04   3.690509111726e+05 
  6.757575530496e+00   5.848553181274e+04   3.863653139640e+05 
  6.764352050212e+00   6.116478205654e+04   4.044891017512e+05 
  6.771120732607e+00   6.396645744135e+04   4.234599777746e+05 
  6.777881603049e+00   6.689613788226e+04   4.433173956223e+05 
  6.784634686769e+00   6.995965697897e+04   4.641026402211e+05 
  6.791380008867e+00   7.316311352059e+04   4.858589125627e+05 
  6.798117594310e+00   7.651288351103e+04   5.086314183379e+05 
  6.804847467932e+00   8.001563273832e+04   5.324674606562e+05 
  6.811569654438e+00   8.367832991256e+04   5.574165370428e+05 
  6.818284178400e+00   8.750826039780e+04   5.835304409040e+05 
  6.824991064265e+00   9.151304056513e+04   6.108633676715e+05 
  6.831690336351e+00   9.570063279463e+04   6.394720258368e+05 
  6.838382018848e+00   1.000793611557e+05   6.694157531042e+05 
  6.845066135822e+00   1.046579277961e+05   7.007566378915e+05 
  6.851742711211e+00   1.094454300718e+05   7.335596464324e+05 
  6.858411768832e+00   1.144513784514e+05   7.678927557297e+05 
  6.865073332378e+00   1.196857152293e+05   8.038270926331e+05 
  6.871727425417e+00   1.251588340848e+05   8.414370793221e+05 
  6.878374071401e+00   1.308816005244e+05   8.808005854839e+05 
  6.885013293655e+00   1.368653732485e+05   9.219990875009e+05 
  6.891645115390e+00   1.431220264828e+05   9.651178349631e+05 
  6.898269559695e+00   1.496639733180e+05   1.010246024843e+06 
  6.904886649541e+00   1.565041901049e+05   1.057476983690e+06 
  6.911496407784e+00   1.636562419498e+05   1.106908358202e+06 
  6.918098857162e+00   1.711343093623e+05   1.158642314568e+06 
  6.924694020298e+00   1.789532161052e+05   1.212785746979e+06 
  6.931281919700e+00   1.871284583022e+05   1.269450495726e+06 
  6.937862577762e+00   1.956762348603e+05   1.328753575335e+06 
  6.944436016767e+00   2.046134792644e+05   1.390817413185e+06 
  6.951002258884e+00   2.139578928068e+05   1.455770099095e+06 
  6.957561326169e+00   2.237279793173e+05   1.523745646391e+06 
  6.964113240572e+00   2.339430814592e+05   1.594884264969e+06 
  6.970658023929e+00   2.446234186641e+05   1.669332646902e+06 
  6.977195697968e+00   2.557901267772e+05   1.747244265178e+06 
  6.983726284309e+00   2.674652994909e+05   1.828779686158e+06 
  6.990249804465e+00   2.796720316480e+05   1.914106896387e+06 
  6.996766279841e+00   2.924344644979e+05   2.003401644424e+06 
  7.003275731737e+00   3.057778329925e+05   2.096847798361e+06 
  7.009778181346e+00   3.197285152161e+05   2.194637719765e+06 
  7.016273649758e+00   3.343140840428e+05   2.296972654782e+06 
  7.022762157958e+00   3.495633611240e+05   2.404063143212e+06 
  7.029243726830e+00   3.655064733077e+05   2.516129446336e+06 
  7.035718377152e+00   3.821749116017e+05   2.633401994396e+06 
  7.042186129602e+00   3.996015927959e+05   2.756121854614e+06 
  7.048647004758e+00   4.178209238581e+05   2.884541220670e+06 
  7.055101023096e+00   4.368688692336e+05   3.018923924640e+06 
  7.061548204993e+00   4.567830211772e+05   3.159545972429e+06 
  7.067988570726e+00   4.776026732520e+05   3.306696103750e+06 
  7.074422140474e+00   4.993688971407e+05   3.460676377784e+06 
  7.080848934319e+00   5.221246229145e+05   3.621802785699e+06 
  7.087268972247e+00   5.459147229203e+05   3.790405891257e+06 
  7.093682274143e+00   5.707860994417e+05   3.966831500777e+06 
  7.100088859802e+00   5.967877763095e+05   4.151441363807e+06 
  7.106488748920e+00   6.239709946360e+05   4.344613905917e+06 
  7.112881961100e+00   6.523893128591e+05   4.546744995067e+06 
  7.119268515851e+00   6.820987112908e+05   4.758248743090e+06 
  7.125648432588e+00   7.131577013691e+05   4.979558343888e+06 
  7.132021730635e+00   7.456274398283e+05   5.211126950027e+06 
  7.138388429221e+00   7.795718480063e+05   5.453428589479e+06 
  7.144748547488e+00   8.150577365221e+05   5.706959124359e+06 
  7.151102104483e+00   8.521549355589e+05   5.972237253535e+06 
  7.157449119166e+00   8.909364310127e+05   6.249805561175e+06 
  7.163789610405e+00   9.314785067618e+05   6.540231613266e+06 
  7.170123596980e+00   9.738608933361e+05   6.844109104334e+06 
  7.176451097583e+00   1.018166923272e+06   7.162059056639e+06 
  7.182772130818e+00   1.064483693456e+06   7.494731074265e+06 
  7.189086715200e+00   1.112902234766e+06   7.842804654566e+06 
  7.195394869161e+00   1.163517689337e+06   8.206990559622e+06 
  7.201696611043e+00   1.216429495801e+06   8.588032250419e+06 
  7.207991959104e+00   1.271741582849e+06   8.986707386642e+06 
  7.214280931517e+00   1.329562571499e+06   9.403829395048e+06 
  7.220563546371e+00   1.390005986448e+06   9.840249109552e+06 
  7.226839821670e+00   1.453190476920e+06   1.029685648629e+07 
  7.233109775336e+00   1.519240047450e+06   1.077458239712e+07 
  7.239373425206e+00   1.588284299019e+06   1.127440050502e+07 
  7.245630789038e+00   1.660458681037e+06   1.179732922533e+07 
  7.251881884504e+00   1.735904754637e+06   1.234443377646e+07 
  7.258126729197e+00   1.814770467794e+06   1.291682832443e+07 
  7.264365340631e+00   1.897210442806e+06   1.351567822534e+07 
  7.270597736236e+00   1.983386276684e+06   1.414220237026e+07 
  7.276823933365e+00   2.073466855021e+06   1.479767563719e+07 
  7.283043949291e+00   2.167628679963e+06   1.548343145511e+07 
  7.289257801207e+00   2.266056212900e+06   1.620086448501e+07 
  7.295465506231e+00   2.368942232539e+06   1.695143342336e+07 
  7.301667081399e+00   2.476488209053e+06   1.773666393361e+07 
  7.307862543673e+00   2.588904695017e+06   1.855815171140e+07 
  7.314051909937e+00   2.706411733888e+06   1.941756568981e+07 
  7.320235197000e+00   2.829239286816e+06   2.031665139071e+07 
  7.326412421592e+00   2.957627678610e+06   2.125723442923e+07 
  7.332583600371e+00   3.091828063694e+06   2.224122417792e+07 
  7.338748749919e+00   3.232102912985e+06   2.327061759820e+07 
  7.344907886744e+00   3.378726522602e+06   2.434750324660e+07 
  7.351061027278e+00   3.531985545378e+06   2.547406546351e+07 
  7.357208187883e+00   3.692179546234e+06   2.665258875319e+07 
  7.363349384844e+00   3.859621582426e+06   2.788546236332e+07 
  7.369484634377e+00   4.034638809830e+06   2.917518507346e+07 
  7.375613952625e+00   4.217573116410e+06   3.052437020171e+07 
  7.381737355657e+00   4.408781784055e+06   3.193575083956e+07 
  7.387854859473e+00   4.608638180114e+06   3.341218532539e+07 
  7.393966480003e+00   4.817532479915e+06   3.495666296739e+07 
  7.400072233104e+00   5.035872421656e+06   3.657231002718e+07 
  7.406172134565e+00   5.264084095112e+06   3.826239597590e+07 
  7.412266200105e+00   5.502612765729e+06   4.003034003571e+07 
  7.418354445374e+00   5.751923735573e+06   4.187971801869e+07 
  7.424436885953e+00   6.012503242899e+06   4.381426947759e+07 
  7.430513537355e+00   6.284859401995e+06   4.583790518207e+07 
  7.436584415025e+00   6.569523185120e+06   4.795471493531e+07 
  7.442649534341e+00   6.867049448414e+06   5.016897574644e+07 
  7.448708910613e+00   7.178018003762e+06   5.248516037515e+07 
  7.454762559087e+00   7.503034738637e+06   5.490794626494e+07 
  7.460810494939e+00   7.842732786091e+06   5.744222488315e+07 
  7.466852733282e+00   8.197773747119e+06   6.009311148586e+07 
  7.472889289163e+00   8.568848967739e+06   6.286595532713e+07 
  7.478920177563e+00   8.956680873225e+06   6.576635033256e+07 
  7.484945413400e+00   9.362024362079e+06   6.880014625863e+07 
  7.490965011526e+00   9.785668262366e+06   7.197346035937e+07 
  7.496978986731e+00   1.022843685321e+07   7.529268958361e+07 
  7.502987353740e+00   1.069119145434e+07   7.876452332681e+07 
  7.508990127215e+00   1.117483208683e+07   8.239595676283e+07 
  7.514987321756e+00   1.168029920806e+07   8.619430478173e+07 
  7.520978951902e+00   1.220857552428e+07   9.016721656098e+07 
  7.526965032126e+00   1.276068788426e+07   9.432269079889e+07 
  7.532945576843e+00   1.333770925765e+07   9.866909164064e+07 
  7.538920600405e+00   1.394076080177e+07   1.032151653277e+08 
  7.544890117105e+00   1.457101402078e+07   1.079700576037e+08 
  7.550854141173e+00   1.522969302148e+07   1.129433319109e+08 
  7.556812686780e+00   1.591807686986e+07   1.181449884139e+08 
  7.562765768037e+00   1.663750205301e+07   1.235854838863e+08 
  7.568713398997e+00   1.738936505115e+07   1.292757525014e+08 
  7.574655593651e+00   1.817512502441e+07   1.352272275662e+08 
  7.580592365934e+00   1.899630661992e+07   1.414518642431e+08 
  7.586523729720e+00   1.985450290414e+07   1.479621633017e+08 
  7.592449698827e+00   2.075137842625e+07   1.547711959503e+08 
  7.598370287015e+00   2.168867241846e+07   1.618926297931e+08 
  7.604285507985e+00   2.266820213921e+07   1.693407559665e+08 
  7.610195375382e+00   2.369186636573e+07   1.771305175055e+08 
  7.616099902795e+00   2.476164904259e+07   1.852775389986e+08 
  7.621999103755e+00   2.587962309309e+07   1.937981575861e+08 
  7.627892991739e+00   2.704795440103e+07   2.027094553667e+08 
  7.633781580165e+00   2.826890597002e+07   2.120292932715e+08 
  7.639664882399e+00   2.954484226874e+07   2.217763464766e+08 
  7.645542911749e+00   3.087823376995e+07   2.319701414192e+08 
  7.651415681470e+00   3.227166169233e+07   2.426310944943e+08 
  7.657283204761e+00   3.372782295369e+07   2.537805525032e+08 
  7.663145494770e+00   3.524953534550e+07   2.654408349377e+08 
  7.669002564586e+00   3.683974293818e+07   2.776352781796e+08 
  7.674854427249e+00   3.850152172757e+07   2.903882817028e+08 
  7.680701095743e+00   4.023808553341e+07   3.037253563709e+08 
  7.686542583000e+00   4.205279216091e+07   3.176731749210e+08 
  7.692378901899e+00   4.394914983713e+07   3.322596247354e+08 
  7.698210065268e+00   4.593082393455e+07   3.475138630042e+08 
  7.704036085880e+00   4.800164399442e+07   3.634663743858e+08 
  7.709856976459e+00   5.016561106337e+07   3.801490312790e+08 
  7.715672749676e+00   5.242690535715e+07   3.975951568242e+08 
  7.721483418152e+00   5.478989426607e+07   4.158395907574e+08 
  7.727288994454e+00   5.725914071733e+07   4.349187582446e+08 
  7.733089491103e+00   5.983941191025e+07   4.548707418346e+08 
  7.738884920566e+00   6.253568844069e+07   4.757353566656e+08 
  7.744675295262e+00   6.535317383222e+07   4.975542290768e+08 
  7.750460627558e+00   6.829730449217e+07   5.203708787779e+08 
  7.756240929773e+00   7.137376011128e+07   5.442308047362e+08 
  7.762016214178e+00   7.458847452660e+07   5.691815749478e+08 
  7.767786492992e+00   7.794764706865e+07   5.952729202731e+08 
  7.773551778387e+00   8.145775441389e+07   6.225568325132e+08 
  7.779312082487e+00   8.512556296539e+07   6.510876669252e+08 
  7.785067417366e+00   8.895814178443e+07   6.809222493687e+08 
  7.790817795053e+00   9.296287609891e+07   7.121199883041e+08 
  7.796563227527e+00   9.714748141258e+07   7.447429918476e+08 
  7.802303726719e+00   1.015200182429e+08   7.788561901227e+08 
  7.808039304516e+00   1.060889075153e+08   8.145274631402e+08 
  7.813769972755e+00   1.108629466422e+08   8.518277744574e+08 
  7.819495743228e+00   1.158513263186e+08   8.908313108807e+08 
  7.825216627680e+00   1.210636480648e+08   9.316156284763e+08 
  7.830932637811e+00   1.265099425498e+08   9.742618051812e+08 
  7.836643785273e+00   1.322006887313e+08   1.018854600309e+09 
  7.842350081675e+00   1.381468338455e+08   1.065482621259e+09 
  7.848051538579e+00   1.443598142887e+08   1.114238497754e+09 
  7.853748167502e+00   1.508515774259e+08   1.165219063952e+09 
  7.859439979916e+00   1.576346043711e+08   1.218525548778e+09 
  7.865126987250e+00   1.647219337808e+08   1.274263774847e+09 
  7.870809200886e+00   1.721271867049e+08   1.332544366375e+09 
  7.876486632164e+00   1.798645925443e+08   1.393482966472e+09 
  7.882159292379e+00   1.879490161616e+08   1.457200464238e+09 
  7.887827192783e+00   1.963959861986e+08   1.523823232116e+09 
  7.893490344584e+00   2.052217246519e+08   1.593483373953e+09 
  7.899148758947e+00   2.144431777645e+08   1.666318984255e+09 
  7.904802446994e+00   2.240780482900e+08   1.742474419138e+09 
  7.910451419804e+00   2.341448291914e+08   1.822100579503e+09 
  7.916095688414e+00   2.446628388377e+08   1.905355206985e+09 
  7.921735263819e+00   2.556522577648e+08   1.992403193248e+09 
  7.927370156970e+00   2.671341670709e+08   2.083416903234e+09 
  7.933000378779e+00   2.791305885163e+08   2.178576512978e+09 
  7.938625940114e+00   2.916645264068e+08   2.278070362667e+09 
  7.944246851803e+00   3.047600113375e+08   2.382095325609e+09 
  7.949863124633e+00   3.184421458790e+08   2.490857193837e+09 
  7.955474769348e+00   3.327371522949e+08   2.604571081091e+09 
  7.961081796653e+00   3.476724223774e+08   2.723461843968e+09 
  7.966684217212e+00   3.632765694957e+08   2.847764522043e+09 
  7.972282041650e+00   3.795794829581e+08   2.977724797822e+09 
  7.977875280549e+00   3.966123847869e+08   3.113599477436e+09 
  7.983463944454e+00   4.144078890132e+08   3.255656992958e+09 
  7.989048043868e+00   4.330000636064e+08   3.404177927379e+09 
  7.994627589256e+00   4.524244951518e+08   3.559455563210e+09 
  8.000202591044e+00   4.727183563990e+08   3.721796455794e+09 
  8.005773059617e+00   4.939204768096e+08   3.891521032440e+09 
  8.011339005323e+00   5.160714162351e+08   4.068964218525e+09 
  8.016900438471e+00   5.392135418642e+08   4.254476091791e+09 
  8.022457369331e+00   5.633911085868e+08   4.448422566095e+09 
  8.028009808134e+00   5.886503429210e+08   4.651186105934e+09 
  8.033557765074e+00   6.150395306666e+08   4.863166473134e+09 
  8.039101250309e+00   6.426091084446e+08   5.084781507134e+09 
  8.044640273955e+00   6.714117592984e+08   5.316467940380e+09 
  8.050174846093e+00   7.015025125353e+08   5.558682250407e+09 
  8.055704976768e+00   7.329388479961e+08   5.811901550264e+09 
  8.061230675986e+00   7.657808049510e+08   6.076624518989e+09 
  8.066751953715e+00   8.000910958196e+08   6.353372373922e+09 
  8.072268819889e+00   8.359352249386e+08   6.642689886771e+09 
  8.077781284404e+00   8.733816125908e+08   6.945146445344e+09 
  8.083289357119e+00   9.125017245350e+08   7.261337163037e+09 
  8.088793047860e+00   9.533702072775e+08   7.591884038201e+09 
  8.094292366412e+00   9.960650293383e+08   7.937437165624e+09 
  8.099787322529e+00   1.040667628781e+09   8.298676002483e+09 
  8.105277925926e+00   1.087263067277e+09   8.676310691177e+09 
  8.110764186284e+00   1.135940190998e+09   9.071083441614e+09 
  8.116246113249e+00   1.186791798644e+09   9.483769975632e+09 
  8.121723716432e+00   1.239914816900e+09   9.915181036287e+09 
  8.127197005408e+00   1.295410483687e+09   1.036616396499e+10 
  8.132665989717e+00   1.353384539508e+09   1.083760434941e+10 
  8.138130678867e+00   1.413947427290e+09   1.133042774556e+10 
  8.143591082329e+00   1.477214501065e+09   1.184560147702e+10 
  8.149047209541e+00   1.543306243891e+09   1.238413651512e+10 
  8.154499069907e+00   1.612348495436e+09   1.294708944350e+10 
  8.159946672796e+00   1.684472689620e+09   1.353556451082e+10 
  8.165390027545e+00   1.759816102802e+09   1.415071577573e+10 
  8.170829143456e+00   1.838522112930e+09   1.479374934807e+10 
  8.176264029798e+00   1.920740470178e+09   1.546592573061e+10 
  8.181694695808e+00   2.006627579562e+09   1.616856226602e+10 
  8.187121150689e+00   2.096346796060e+09   1.690303569358e+10 
  8.192543403610e+00   2.190068732790e+09   1.767078482055e+10 
  8.197961463710e+00   2.287971582835e+09   1.847331331353e+10 
  8.203375340093e+00   2.390241455298e+09   1.931219261495e+10 
  8.208785041831e+00   2.497072726229e+09   2.018906499037e+10 
  8.214190577965e+00   2.608668405086e+09   2.110564671263e+10 
  8.219591957504e+00   2.725240517392e+09   2.206373138852e+10 
  8.224989189423e+00   2.847010504329e+09   2.306519343494e+10 
  8.230382282667e+00   2.974209639997e+09   2.411199171068e+10 
  8.235771246149e+00   3.107079467143e+09   2.520617331121e+10 
  8.241156088751e+00   3.245872252134e+09   2.634987753344e+10 
  8.246536819323e+00   3.390851460069e+09   2.754534001835e+10 
  8.251913446684e+00   3.542292250887e+09   2.879489707915e+10 
  8.257285979623e+00   3.700481997414e+09   3.010099022361e+10 
  8.262654426896e+00   3.865720826305e+09   3.146617087879e+10 
  8.268018797230e+00   4.038322182905e+09   3.289310532775e+10 
  8.273379099321e+00   4.218613421064e+09   3.438457986718e+10 
  8.278735341836e+00   4.406936419041e+09   3.594350619636e+10 
  8.284087533409e+00   4.603648222590e+09   3.757292704715e+10 
  8.289435682647e+00   4.809121716507e+09   3.927602206662e+10 
  8.294779798124e+00   5.023746325815e+09   4.105611396269e+10 
  8.300119888386e+00   5.247928747938e+09   4.291667492522e+10 
  8.305455961949e+00   5.482093717222e+09   4.486133333458e+10 
  8.310788027300e+00   5.726684803239e+09   4.689388077059e+10 
  8.316116092896e+00   5.982165244322e+09   4.901827933513e+10 
  8.321440167164e+00   6.249018817939e+09   5.123866930262e+10 
  8.326760258504e+00   6.527750749490e+09   5.355937711288e+10 
  8.332076375286e+00   6.818888661248e+09   5.598492372180e+10 
  8.337388525850e+00   7.122983563194e+09   5.852003332559e+10 
  8.342696718508e+00   7.440610887586e+09   6.116964247539e+10 
  8.348000961546e+00   7.772371569226e+09   6.393890959981e+10 
  8.353301263218e+00   8.118893173396e+09   6.683322495335e+10 
  8.358597631751e+00   8.480831073580e+09   6.985822100986e+10 
  8.363890075345e+00   8.858869681173e+09   7.301978332085e+10 
  8.369178602170e+00   9.253723729451e+09   7.632406185941e+10 
  8.374463220369e+00   9.666139614231e+09   7.977748287169e+10 
  8.379743938059e+00   1.009689679364e+10   8.338676125777e+10 
  8.385020763327e+00   1.054680924968e+10   8.715891350664e+10 
  8.390293704233e+00   1.101672701426e+10   9.110127120891e+10 
  8.395562768810e+00   1.150753776255e+10   9.522149517408e+10 
  8.400827965065e+00   1.202016847661e+10   9.952759017854e+10 
  8.406089300975e+00   1.255558718244e+10   1.040279203727e+11 
  8.411346784493e+00   1.311480476353e+10   1.087312253761e+11 
  8.416600423544e+00   1.369887685453e+10   1.136466370934e+11 
  8.421850226025e+00   1.430890581833e+10   1.187836972793e+11 
  8.427096199809e+00   1.494604281034e+10   1.241523758904e+11 
  8.432338352740e+00   1.561148993373e+10   1.297630902552e+11 
  8.437576692638e+00   1.630650248982e+10   1.356267251013e+11 
  8.442811227295e+00   1.703239132750e+10   1.417546534769e+11 
  8.448041964477e+00   1.779052529630e+10   1.481587586060e+11 
  8.453268911926e+00   1.858233380765e+10   1.548514567206e+11 
  8.458492077356e+00   1.940930950882e+10   1.618457209115e+11 
  8.463711468456e+00   2.027301107481e+10   1.691551060434e+11 
  8.468927092889e+00   2.117506612330e+10   1.767937747838e+11 
  8.474138958293e+00   2.211717425796e+10   1.847765247928e+11 
  8.479347072281e+00   2.310111024589e+10   1.931188171261e+11 
  8.484551442440e+00   2.412872733491e+10   2.018368059059e+11 
  8.489752076332e+00   2.520196071714e+10   2.109473693161e+11 
  8.494948981494e+00   2.632283114502e+10   2.204681419801e+11 
  8.500142165439e+00   2.749344870666e+10   2.304175487833e+11 
  8.505331635653e+00   2.871601676733e+10   2.408148402040e+11 
  8.510517399600e+00   2.999283608463e+10   2.516801292206e+11 
  8.515699464717e+00   3.132630910485e+10   2.630344298656e+11 
  8.520877838419e+00   3.271894444841e+10   2.748996974977e+11 
  8.526052528094e+00   3.417336159276e+10   2.872988708704e+11 
  8.531223541108e+00   3.569229576153e+10   3.002559160765e+11 
  8.536390884801e+00   3.727860302877e+10   3.137958724516e+11 
  8.541554566491e+00   3.893526564789e+10   3.279449005243e+11 
  8.546714593471e+00   4.066539761516e+10   3.427303321033e+11 
  8.551870973010e+00   4.247225047793e+10   3.581807225977e+11 
  8.557023712352e+00   4.435921939847e+10   3.743259056678e+11 
  8.562172818722e+00   4.632984948476e+10   3.911970503140e+11 
  8.567318299316e+00   4.838784239950e+10   4.088267205054e+11 
  8.572460161310e+00   5.053706326010e+10   4.272489374691e+11 
  8.577598411856e+00   5.278154784214e+10   4.464992447526e+11 
  8.582733058083e+00   5.512551009961e+10   4.666147761845e+11 
  8.587864107096e+00   5.757335001588e+10   4.876343268626e+11 
  8.592991565977e+00   6.012966179997e+10   5.095984273033e+11 
  8.598115441788e+00   6.279924244338e+10   5.325494208948e+11 
  8.603235741564e+00   6.558710065290e+10   5.565315447966e+11 
  8.608352472320e+00   6.849846617635e+10   5.815910144439e+11 
  8.613465641049e+00   7.153879953812e+10   6.077761118104e+11 
  8.618575254719e+00   7.471380220312e+10   6.351372776061e+11 
  8.623681320278e+00   7.802942718686e+10   6.637272075732e+11 
  8.628783844650e+00   8.149189013225e+10   6.936009530700e+11 
  8.633882834739e+00   8.510768087340e+10   7.248160261348e+11 
  8.638978297424e+00   8.888357550701e+10   7.574325092189e+11 
  8.644070239565e+00   9.282664899477e+10   7.915131698072e+11 
  8.649158667999e+00   9.694428831929e+10   8.271235801375e+11 
  8.654243589540e+00   1.012442062177e+11   8.643322422426e+11 
  8.659325010982e+00   1.057344555194e+11   9.032107185605e+11 
  8.664402939096e+00   1.104234441125e+11   9.438337683487e+11 
  8.669477380634e+00   1.153199505688e+11   9.862794901684e+11 
  8.674548342325e+00   1.204331404542e+11   1.030629470706e+12 
  8.679615830875e+00   1.257725833558e+11   1.076968940207e+12 
  8.684679852972e+00   1.313482706569e+11   1.125386934829e+12 
  8.689740415281e+00   1.371706340916e+11   1.175976466209e+12 
  8.694797524446e+00   1.432505651155e+11   1.228834698563e+12 
  8.699851187092e+00   1.495994351256e+11   1.284063133667e+12 
  8.704901409820e+00   1.562291165685e+11   1.341767804058e+12 
  8.709948199213e+00   1.631520049748e+11   1.402059474816e+12 
  8.714991561832e+00   1.703810419614e+11   1.465053854317e+12 
  8.720031504218e+00   1.779297392419e+11   1.530871814351e+12 
  8.725068032891e+00   1.858122036925e+11   1.599639620016e+12 
  8.730101154351e+00   1.940431635165e+11   1.671489169832e+12 
  8.735130875078e+00   2.026379955576e+11   1.746558246515e+12 
  8.740157201531e+00   2.116127538110e+11   1.824990778895e+12 
  8.745180140150e+00   2.209841991865e+11   1.906937115459e+12 
  8.750199697355e+00   2.307698305752e+11   1.992554310053e+12 
  8.755215879543e+00   2.409879172814e+11   2.082006420262e+12 
  8.760228693096e+00   2.516575328754e+11   2.175464819043e+12 
  8.765238144373e+00   2.627985905314e+11   2.273108520192e+12 
  8.770244239714e+00   2.744318799154e+11   2.375124518263e+12 
  8.775246985440e+00   2.865791056900e+11   2.481708143565e+12 
  8.780246387851e+00   2.992629277087e+11   2.593063432932e+12 
  8.785242453229e+00   3.125070029719e+11   2.709403516942e+12 
  8.790235187837e+00   3.263360294219e+11   2.830951024308e+12 
  8.795224597917e+00   3.407757916580e+11   2.957938504234e+12 
  8.800210689694e+00   3.558532086564e+11   3.090608867491e+12 
  8.805193469371e+00   3.715963835801e+11   3.229215847079e+12 
  8.810172943136e+00   3.880346557736e+11   3.374024479312e+12 
  8.815149117153e+00   4.051986550349e+11   3.525311606249e+12 
  8.820121997573e+00   4.231203582661e+11   3.683366400406e+12 
  8.825091590523e+00   4.418331486060e+11   3.848490912738e+12 
  8.830057902114e+00   4.613718771552e+11   4.021000644932e+12 
  8.835020938437e+00   4.817729274030e+11   4.201225147063e+12 
  8.839980705567e+00   5.030742824778e+11   4.389508641750e+12 
  8.844937209558e+00   5.253155953437e+11   4.586210675995e+12 
  8.849890456447e+00   5.485382620710e+11   4.791706801901e+12 
  8.854840452251e+00   5.727854983168e+11   5.006389287583e+12 
  8.859787202970e+00   5.981024191543e+11   5.230667859576e+12 
  8.864730714587e+00   6.245361223963e+11   5.464970478133e+12 
  8.869670993065e+00   6.521357755694e+11   5.709744146896e+12 
  8.874608044350e+00   6.809527066961e+11   5.965455758445e+12 
  8.879541874370e+00   7.110404990507e+11   6.232592977310e+12 
  8.884472489033e+00   7.424550900624e+11   6.511665162076e+12 
  8.889399894234e+00   7.752548745493e+11   6.803204328371e+12 
  8.894324095846e+00   8.095008124708e+11   7.107766154489e+12 
  8.899245099726e+00   8.452565413940e+11   7.425931031554e+12 
  8.904162911712e+00   8.825884938850e+11   7.758305160191e+12 
  8.909077537628e+00   9.215660200349e+11   8.105521695771e+12 
  8.913988983278e+00   9.622615153490e+11   8.468241944354e+12 
  8.918897254448e+00   1.004750554229e+12   8.847156611583e+12 
  8.923802356909e+00   1.049112029300e+12   9.242987106875e+12 
  8.928704296412e+00   1.095428296821e+12   9.656486905310e+12 
  8.933603078694e+00   1.143785328474e+12   1.008844296987e+13 
  8.938498709473e+00   1.194272869778e+12   1.053967723655e+13 
  8.943391194450e+00   1.246984605433e+12   1.101104816524e+13 
  8.948280539311e+00   1.302018331907e+12   1.150345235923e+13 
  8.953166749722e+00   1.359476137551e+12   1.201782625633e+13 
  8.958049831335e+00   1.419464590606e+12   1.255514789488e+13 
  8.962929789783e+00   1.482094935426e+12   1.311643875783e+13 
  8.967806630685e+00   1.547483297273e+12   1.370276569843e+13 
  8.972680359642e+00   1.615750896074e+12   1.431524295105e+13 
  8.977550982239e+00   1.687024269516e+12   1.495503423100e+13 
  8.982418504042e+00   1.761435505894e+12   1.562335492713e+13 
  8.987282930605e+00   1.839122487142e+12   1.632147439150e+13 
  8.992144267462e+00   1.920229142474e+12   1.705071833017e+13 
  8.997002520133e+00   2.004905713117e+12   1.781247129974e+13 
  9.001857694121e+00   2.093309028613e+12   1.860817931431e+13 
  9.006709794913e+00   2.185602795185e+12   1.943935256759e+13 
  9.011558827980e+00   2.281957896711e+12   2.030756827537e+13 
  9.016404798776e+00   2.382552708841e+12   2.121447364365e+13 
  9.021247712742e+00   2.487573426844e+12   2.216178896788e+13 
  9.026087575300e+00   2.597214407758e+12   2.315131086919e+13 
  9.030924391858e+00   2.711678527508e+12   2.418491567363e+13 
  9.035758167807e+00   2.831177553594e+12   2.526456294064e+13 
  9.040588908524e+00   2.955932534085e+12   2.639229914748e+13 
  9.045416619369e+00   3.086174203564e+12   2.757026153636e+13 
  9.050241305687e+00   3.222143406832e+12   2.880068213150e+13 
  9.055062972808e+00   3.364091541086e+12   3.008589193369e+13 
  9.059881626046e+00   3.512281017421e+12   3.142832529999e+13 
  9.064697270699e+00   3.666985742461e+12   3.283052451686e+13 
  9.069509912052e+00   3.828491621019e+12   3.429514457522e+13 
  9.074319555373e+00   3.997097080710e+12   3.582495815636e+13 
  9.079126205915e+00   4.173113619438e+12   3.742286083795e+13 
  9.083929868915e+00   4.356866376794e+12   3.909187652980e+13 
  9.088730549598e+00   4.548694730380e+12   4.083516314968e+13 
  9.093528253170e+00   4.748952918160e+12   4.265601854958e+13 
  9.098322984826e+00   4.958010687950e+12   4.455788670338e+13 
  9.103114749744e+00   5.176253975263e+12   4.654436416783e+13 
  9.107903553087e+00   5.404085610704e+12   4.861920682834e+13 
  9.112689400004e+00   5.641926058258e+12   5.078633694275e+13 
  9.117472295629e+00   5.890214185740e+12   5.304985049550e+13 
  9.122252245082e+00   6.149408068865e+12   5.541402487634e+13 
  9.127029253467e+00   6.419985830387e+12   5.788332689777e+13 
  9.131803325876e+00   6.702446515842e+12   6.046242116619e+13 
  9.136574467384e+00   6.997311007453e+12   6.315617882204e+13 
  9.141342683052e+00   7.305122977903e+12   6.596968666546e+13 
  9.146107977928e+00   7.626449885690e+12   6.890825668443e+13 
  9.150870357046e+00   7.961884013863e+12   7.197743600285e+13 
  9.155629825423e+00   8.312043554033e+12   7.518301726709e+13 
  9.160386388065e+00   8.677573737689e+12   7.853104949107e+13 
  9.165140049961e+00   9.059148016760e+12   8.202784937861e+13 
  9.169890816090e+00   9.457469295635e+12   8.568001314501e+13 
  9.174638691412e+00   9.873271216912e+12   8.949442885992e+13 
  9.179383680876e+00   1.030731950318e+13   9.347828933418e+13 
  9.184125789418e+00   1.076041335718e+13   9.763910557387e+13 
  9.188865021957e+00   1.123338692310e+13   1.019847208280e+14 
  9.193601383402e+00   1.172711081142e+13   1.065233252545e+14 
  9.198334878645e+00   1.224249369026e+13   1.112634712325e+14 
  9.203065512565e+00   1.278048394600e+13   1.162140893491e+14 
  9.207793290029e+00   1.334207141628e+13   1.213845050907e+14 
  9.212518215890e+00   1.392828919842e+13   1.267844562686e+14 
  9.217240294986e+00   1.454021553666e+13   1.324241112128e+14 
  9.221959532142e+00   1.517897579154e+13   1.383140877664e+14 
  9.226675932171e+00   1.584574449505e+13   1.444654731169e+14 
  9.231389499871e+00   1.654174749525e+13   1.508898444999e+14 
  9.236100240028e+00   1.726826419434e+13   1.575992908156e+14 
  9.240808157414e+00   1.802662988403e+13   1.646064351949e+14 
  9.245513256788e+00   1.881823818270e+13   1.719244585607e+14 
  9.250215542895e+00   1.964454357856e+13   1.795671242248e+14 
  9.254915020468e+00   2.050706408356e+13   1.875488035685e+14 
  9.259611694226e+00   2.140738400275e+13   1.958845028521e+14 
  9.264305568877e+00   2.234715682423e+13   2.045898912049e+14 
  9.268996649114e+00   2.332810823479e+13   2.136813298468e+14 
  9.273684939618e+00   2.435203926685e+13   2.231759025947e+14 
  9.278370445056e+00   2.542082958218e+13   2.330914477117e+14 
  9.283053170083e+00   2.653644089865e+13   2.434465911566e+14 
  9.287733119343e+00   2.770092056599e+13   2.542607812973e+14 
  9.292410297464e+00   2.891640529706e+13   2.655543251485e+14 
  9.297084709063e+00   3.018512506145e+13   2.773484262056e+14 
  9.301756358745e+00   3.150940714844e+13   2.896652239401e+14 
  9.306425251101e+00   3.289168040665e+13   3.025278350332e+14 
  9.311091390711e+00   3.433447966809e+13   3.159603964215e+14 
  9.315754782141e+00   3.584045036449e+13   3.299881102349e+14 
  9.320415429947e+00   3.741235334451e+13   3.446372907110e+14 
  9.325073338668e+00   3.905306990030e+13   3.599354131702e+14 
  9.329728512837e+00   4.076560701256e+13   3.759111651444e+14 
  9.334380956969e+00   4.255310282372e+13   3.925944997525e+14 
  9.339030675569e+00   4.441883234894e+13   4.100166914209e+14 
  9.343677673131e+00   4.636621343536e+13   4.282103940528e+14 
  9.348321954136e+00   4.839881298051e+13   4.472097017546e+14 
  9.352963523052e+00   5.052035342065e+13   4.670502122269e+14 
  9.357602384336e+00   5.273471950138e+13   4.877690929439e+14 
  9.362238542432e+00   5.504596534227e+13   5.094051502376e+14 
  9.366872001773e+00   5.745832180867e+13   5.319989014177e+14 
  9.371502766780e+00   5.997620420348e+13   5.555926500579e+14 
  9.376130841862e+00   6.260422029334e+13   5.802305645889e+14 
  9.380756231415e+00   6.534717868336e+13   6.059587603420e+14 
  9.385378939824e+00   6.821009755583e+13   6.328253851980e+14 
  9.389998971465e+00   7.119821378816e+13   6.608807089914e+14 
  9.394616330697e+00   7.431699246720e+13   6.901772168452e+14 
  9.399231021872e+00   7.757213681633e+13   7.207697065971e+14 
  9.403843049327e+00   8.096959855412e+13   7.527153905085e+14 
  9.408452417390e+00   8.451558870265e+13   7.860740014338e+14 
  9.413059130376e+00   8.821658886461e+13   8.209079036473e+14 
  9.417663192589e+00   9.207936299091e+13   8.572822085398e+14 
  9.422264608322e+00   9.611096965837e+13   8.952648953855e+14 
  9.426863381855e+00   1.003187748808e+14   9.349269374118e+14 
  9.431459517459e+00   1.047104654763e+14   9.763424334000e+14 
  9.436053019391e+00   1.092940630140e+14   1.019588745056e+15 
  9.440643891900e+00   1.140779383675e+14   1.064746640414e+15 
  9.445232139220e+00   1.190708268983e+14   1.111900443520e+15 
  9.449817765577e+00   1.242818442992e+14   1.161138190689e+15 
  9.454400775184e+00   1.297205031248e+14   1.212551793614e+15 
  9.458981172243e+00   1.353967300395e+14   1.266237209621e+15 
  9.463558960947e+00   1.413208838134e+14   1.322294619399e+15 
  9.468134145475e+00   1.475037740989e+14   1.380828612513e+15 
  9.472706729997e+00   1.539566810226e+14   1.441948381059e+15 
  9.477276718670e+00   1.606913756262e+14   1.505767921806e+15 
  9.481844115644e+00   1.677201411946e+14   1.572406247192e+15 
  9.486408925054e+00   1.750557955083e+14   1.641987605580e+15 
  9.490971151026e+00   1.827117140613e+14   1.714641711154e+15 
  9.495530797675e+00   1.907018542861e+14   1.790503983904e+15 
  9.500087869106e+00   1.990407808289e+14   1.869715800119e+15 
  9.504642369412e+00   2.077436919200e+14   1.952424753854e+15 
  9.509194302675e+00   2.168264468890e+14   2.038784929863e+15 
  9.513743672969e+00   2.263055948713e+14   2.128957188475e+15 
  9.518290484355e+00   2.361984047603e+14   2.223109462968e+15 
  9.522834740884e+00   2.465228964569e+14   2.321417069950e+15 
  9.527376446596e+00   2.572978734740e+14   2.424063033342e+15 
  9.531915605522e+00   2.685429569544e+14   2.531238422563e+15 
  9.536452221682e+00   2.802786211618e+14   2.643142705503e+15 
  9.540986299084e+00   2.925262305115e+14   2.759984116969e+15 
  9.545517841728e+00   3.053080782046e+14   2.881980043265e+15 
  9.550046853601e+00   3.186474265353e+14   3.009357423587e+15 
  9.554573338684e+00   3.325685489465e+14   3.142353169021e+15 
  9.559097300942e+00   3.470967739064e+14   3.281214599868e+15 
  9.563618744335e+00   3.622585306856e+14   3.426199902113e+15 
  9.568137672809e+00   3.780813971176e+14   3.577578603876e+15 
  9.572654090303e+00   3.945941494273e+14   3.735632072705e+15 
  9.577168000743e+00   4.118268142185e+14   3.900654034653e+15 
  9.581679408047e+00   4.298107227119e+14   4.072951116050e+15 
  9.586188316123e+00   4.485785673336e+14   4.252843408991e+15 
  9.590694728866e+00   4.681644607506e+14   4.440665061551e+15 
  9.595198650166e+00   4.886039974663e+14   4.636764893845e+15 
  9.599700083898e+00   5.099343180809e+14   4.841507041024e+15 
  9.604199033930e+00   5.321941763338e+14   5.055271624389e+15 
  9.608695504121e+00   5.554240090473e+14   5.278455451867e+15 
  9.613189498317e+00   5.796660091010e+14   5.511472749132e+15 
  9.617681020357e+00   6.049642015630e+14   5.754755922696e+15 
  9.622170074068e+00   6.313645231136e+14   6.008756356336e+15 
  9.626656663270e+00   6.589149049114e+14   6.273945242402e+15 
  9.631140791771e+00   6.876653590425e+14   6.550814449431e+15 
  9.635622463370e+00   7.176680687089e+14   6.839877427693e+15 
  9.640101681856e+00   7.489774823226e+14   7.141670154339e+15 
  9.644578451011e+00   7.816504116697e+14   7.456752119859e+15 
  9.649052774603e+00   8.157461343198e+14   7.785707357646e+15 
  9.653524656394e+00   8.513265004675e+14   8.129145518564e+15 
  9.657994100135e+00   8.884560443969e+14   8.487702992499e+15 
  9.662461109568e+00   9.272021007621e+14   8.862044078864e+15 
  9.666925688426e+00   9.676349259029e+14   9.252862208302e+15 
  9.671387840431e+00   1.009827824404e+15   9.660881217747e+15 
  9.675847569298e+00   1.053857281126e+15   1.008685668117e+16 
  9.680304878730e+00   1.099803098951e+15   1.053157729850e+16 
  9.684759772423e+00   1.147748542481e+15   1.099586634521e+16 
  9.689212254063e+00   1.197780487946e+15   1.148058318515e+16 
  9.693662327326e+00   1.249989579600e+15   1.198662484955e+16 
  9.698109995881e+00   1.304470392874e+15   1.251492768494e+16 
  9.702555263384e+00   1.361321604580e+15   1.306646907295e+16 
  9.706998133485e+00   1.420646170478e+15   1.364226922540e+16 
  9.711438609825e+00   1.482551510512e+15   1.424339305753e+16 
  9.715876696034e+00   1.547149702057e+15   1.487095214322e+16 
  9.720312395735e+00   1.614557681512e+15   1.552610675544e+16 
  9.724745712540e+00   1.684897454604e+15   1.621006799575e+16 
  9.729176650053e+00   1.758296315790e+15   1.692410001691e+16 
  9.733605211869e+00   1.834887077129e+15   1.766952234231e+16 
  9.738031401575e+00   1.914808307038e+15   1.844771228670e+16 
  9.742455222747e+00   1.998204579376e+15   1.926010748258e+16 
  9.746876678954e+00   2.085226733279e+15   2.010820851680e+16 
  9.751295773756e+00   2.176032144219e+15   2.099358168219e+16 
  9.755712510703e+00   2.270785006783e+15   2.191786184932e+16 
  9.760126893338e+00   2.369656629640e+15   2.288275546337e+16 
  9.764538925194e+00   2.472825743274e+15   2.389004367190e+16 
  9.768948609795e+00   2.580478820986e+15   2.494158558896e+16 
  9.773355950657e+00   2.692810413775e+15   2.603932170162e+16 
  9.777760951288e+00   2.810023499659e+15   2.718527742498e+16 
  9.782163615186e+00   2.932329848096e+15   2.838156681228e+16 
  9.786563945841e+00   3.059950400126e+15   2.963039642678e+16 
  9.790961946735e+00   3.193115664932e+15   3.093406938248e+16 
  9.795357621342e+00   3.332066133516e+15   3.229498956093e+16 
  9.799750973125e+00   3.477052710229e+15   3.371566601202e+16 
  9.804142005540e+00   3.628337162920e+15   3.519871754634e+16 
  9.808530722036e+00   3.786192592538e+15   3.674687752810e+16 
  9.812917126051e+00   3.950903922967e+15   3.836299887661e+16 
  9.817301221016e+00   4.122768412023e+15   4.005005928597e+16 
  9.821683010354e+00   4.302096184486e+15   4.181116667203e+16 
  9.826062497479e+00   4.489210788144e+15   4.364956485692e+16 
  9.830439685797e+00   4.684449773812e+15   4.556863950109e+16 
  9.834814578705e+00   4.888165300393e+15   4.757192429399e+16 
  9.839187179594e+00   5.100724766008e+15   4.966310741415e+16 
  9.843557491843e+00   5.322511466387e+15   5.184603827101e+16 
  9.847925518826e+00   5.553925281646e+15   5.412473454033e+16 
  9.852291263908e+00   5.795383392659e+15   5.650338950584e+16 
  9.856654730445e+00   6.047321028375e+15   5.898637972101e+16 
  9.861015921787e+00   6.310192245310e+15   6.157827300408e+16 
  9.865374841273e+00   6.584470740684e+15   6.428383678154e+16 
  9.869731492237e+00   6.870650700621e+15   6.710804679487e+16 
  9.874085878002e+00   7.169247684887e+15   7.005609618621e+16 
  9.878438001885e+00   7.480799549819e+15   7.313340497986e+16 
  9.882787867194e+00   7.805867411004e+15   7.634562997636e+16 
  9.887135477231e+00   8.145036647448e+15   7.969867507703e+16 
  9.891480835288e+00   8.498917949109e+15   8.319870205885e+16 
  9.895823944648e+00   8.868148409454e+15   8.685214181697e+16 
  9.900164808591e+00   9.253392665221e+15   9.066570609762e+16 
  9.904503430384e+00   9.655344085208e+15   9.464639974093e+16 
  9.908839813288e+00   1.007472601036e+16   9.880153345687e+16 
  9.913173960558e+00   1.051229304729e+16   1.031387371571e+17 
  9.917505875439e+00   1.096883241741e+16   1.076659738666e+17 
  9.921835561169e+00   1.144516536442e+16   1.123915542404e+17 
  9.926163020978e+00   1.194214862218e+16   1.173241517125e+17 
  9.930488258088e+00   1.246067594603e+16   1.224728183035e+17 
  9.934811275716e+00   1.300167970991e+16   1.278470011148e+17 
  9.939132077067e+00   1.356613257241e+16   1.334565595420e+17 
  9.943450665343e+00   1.415504921445e+16   1.393117832351e+17 
  9.947767043734e+00   1.476948815190e+16   1.454234108412e+17 
  9.952081215425e+00   1.541055362620e+16   1.518026495607e+17 
  9.956393183595e+00   1.607939757642e+16   1.584611955556e+17 
  9.960702951411e+00   1.677722169624e+16   1.654112552432e+17 
  9.965010522036e+00   1.750527957945e+16   1.726655675172e+17 
  9.969315898625e+00   1.826487895793e+16   1.802374269331e+17 
  9.973619084325e+00   1.905738403578e+16   1.881407079030e+17 
  9.977920082276e+00   1.988421792421e+16   1.963898899410e+17 
  9.982218895610e+00   2.074686518096e+16   2.050000840061e+17 
  9.986515527452e+00   2.164687445921e+16   2.139870599899e+17 
  9.990809980919e+00   2.258586127045e+16   2.233672753989e+17 
  9.995102259123e+00   2.356551086618e+16   2.331579052825e+17 
  9.999392365166e+00   2.458758124374e+16   2.433768734620e+17 
  1.000000000000e+01   2.473591586188e+16   2.448603275536e+17 
