0 0 0 0 0 0 0 
0.00990099 0.0310999 0.0310999 0.0621696 0.0621696 0.0931793 0.0931793 
0.019802 0.0621696 0.0621696 0.124099 0.124099 0.185548 0.185548 
0.029703 0.0931793 0.0931793 0.185548 0.185548 0.276302 0.276302 
0.039604 0.124099 0.124099 0.246279 0.246279 0.364652 0.364652 
0.049505 0.154898 0.154898 0.306057 0.306057 0.449828 0.449828 
0.0594059 0.185548 0.185548 0.364652 0.364652 0.531091 0.531091 
0.0693069 0.216018 0.216018 0.421835 0.421835 0.607733 0.607733 
0.0792079 0.246279 0.246279 0.477387 0.477387 0.679086 0.679086 
0.0891089 0.276302 0.276302 0.531091 0.531091 0.744531 0.744531 
0.0990099 0.306057 0.306057 0.582741 0.582741 0.803497 0.803497 
0.108911 0.335517 0.335517 0.632136 0.632136 0.855472 0.855472 
0.118812 0.364652 0.364652 0.679086 0.679086 0.900003 0.900003 
0.128713 0.393434 0.393434 0.723409 0.723409 0.936702 0.936702 
0.138614 0.421835 0.421835 0.764933 0.764933 0.965252 0.965252 
0.148515 0.449828 0.449828 0.803497 0.803497 0.985402 0.985402 
0.158416 0.477387 0.477387 0.838953 0.838953 0.996978 0.996978 
0.168317 0.504483 0.504483 0.871163 0.871163 0.999879 0.999879 
0.178218 0.531091 0.531091 0.900003 0.900003 0.99408 0.99408 
0.188119 0.557186 0.557186 0.92536 0.92536 0.979631 0.979631 
0.19802 0.582741 0.582741 0.947138 0.947138 0.956658 0.956658 
0.207921 0.607733 0.607733 0.965252 0.965252 0.92536 0.92536 
0.217822 0.632136 0.632136 0.979631 0.979631 0.886011 0.886011 
0.227723 0.655929 0.655929 0.99022 0.99022 0.838953 0.838953 
0.237624 0.679086 0.679086 0.996978 0.996978 0.784594 0.784594 
0.247525 0.701587 0.701587 0.999879 0.999879 0.723409 0.723409 
0.257426 0.723409 0.723409 0.998912 0.998912 0.655929 0.655929 
0.267327 0.744531 0.744531 0.99408 0.99408 0.582741 0.582741 
0.277228 0.764933 0.764933 0.985402 0.985402 0.504483 0.504483 
0.287129 0.784594 0.784594 0.972912 0.972912 0.421835 0.421835 
0.29703 0.803497 0.803497 0.956658 0.956658 0.335517 0.335517 
0.306931 0.821622 0.821622 0.936702 0.936702 0.246279 0.246279 
0.316832 0.838953 0.838953 0.913123 0.913123 0.154898 0.154898 
0.326733 0.855472 0.855472 0.886011 0.886011 0.0621696 0.0621696 
0.336634 0.871163 0.871163 0.855472 0.855472 -0.0310999 -0.0310999 
0.346535 0.886011 0.886011 0.821622 0.821622 -0.124099 -0.124099 
0.356436 0.900003 0.900003 0.784594 0.784594 -0.216018 -0.216018 
0.366337 0.913123 0.913123 0.744531 0.744531 -0.306057 -0.306057 
0.376238 0.92536 0.92536 0.701587 0.701587 -0.393434 -0.393434 
0.386139 0.936702 0.936702 0.655929 0.655929 -0.477387 -0.477387 
0.39604 0.947138 0.947138 0.607733 0.607733 -0.557186 -0.557186 
0.405941 0.956658 0.956658 0.557186 0.557186 -0.632136 -0.632136 
0.415842 0.965252 0.965252 0.504483 0.504483 -0.701587 -0.701587 
0.425743 0.972912 0.972912 0.449828 0.449828 -0.764933 -0.764933 
0.435644 0.979631 0.979631 0.393434 0.393434 -0.821622 -0.821622 
0.445545 0.985402 0.985402 0.335517 0.335517 -0.871163 -0.871163 
0.455446 0.99022 0.99022 0.276302 0.276302 -0.913123 -0.913123 
0.465347 0.99408 0.99408 0.216018 0.216018 -0.947138 -0.947138 
0.475248 0.996978 0.996978 0.154898 0.154898 -0.972912 -0.972912 
0.485149 0.998912 0.998912 0.0931793 0.0931793 -0.99022 -0.99022 
0.49505 0.999879 0.999879 0.0310999 0.0310999 -0.998912 -0.998912 
0.50495 0.999879 0.999879 -0.0310999 -0.0310999 -0.998912 -0.998912 
0.514851 0.998912 0.998912 -0.0931793 -0.0931793 -0.99022 -0.99022 
0.524752 0.996978 0.996978 -0.154898 -0.154898 -0.972912 -0.972912 
0.534653 0.99408 0.99408 -0.216018 -0.216018 -0.947138 -0.947138 
0.544554 0.99022 0.99022 -0.276302 -0.276302 -0.913123 -0.913123 
0.554455 0.985402 0.985402 -0.335517 -0.335517 -0.871163 -0.871163 
0.564356 0.979631 0.979631 -0.393434 -0.393434 -0.821622 -0.821622 
0.574257 0.972912 0.972912 -0.449828 -0.449828 -0.764933 -0.764933 
0.584158 0.965252 0.965252 -0.504483 -0.504483 -0.701587 -0.701587 
0.594059 0.956658 0.956658 -0.557186 -0.557186 -0.632136 -0.632136 
0.60396 0.947138 0.947138 -0.607733 -0.607733 -0.557186 -0.557186 
0.613861 0.936702 0.936702 -0.655929 -0.655929 -0.477387 -0.477387 
0.623762 0.92536 0.92536 -0.701587 -0.701587 -0.393434 -0.393434 
0.633663 0.913123 0.913123 -0.744531 -0.744531 -0.306057 -0.306057 
0.643564 0.900003 0.900003 -0.784594 -0.784594 -0.216018 -0.216018 
0.653465 0.886011 0.886011 -0.821622 -0.821622 -0.124099 -0.124099 
0.663366 0.871163 0.871163 -0.855472 -0.855472 -0.0310999 -0.0310999 
0.673267 0.855472 0.855472 -0.886011 -0.886011 0.0621696 0.0621696 
0.683168 0.838953 0.838953 -0.913123 -0.913123 0.154898 0.154898 
0.693069 0.821622 0.821622 -0.936702 -0.936702 0.246279 0.246279 
0.70297 0.803497 0.803497 -0.956658 -0.956658 0.335517 0.335517 
0.712871 0.784594 0.784594 -0.972912 -0.972912 0.421835 0.421835 
0.722772 0.764933 0.764933 -0.985402 -0.985402 0.504483 0.504483 
0.732673 0.744531 0.744531 -0.99408 -0.99408 0.582741 0.582741 
0.742574 0.723409 0.723409 -0.998912 -0.998912 0.655929 0.655929 
0.752475 0.701587 0.701587 -0.999879 -0.999879 0.723409 0.723409 
0.762376 0.679086 0.679086 -0.996978 -0.996978 0.784594 0.784594 
0.772277 0.655929 0.655929 -0.99022 -0.99022 0.838953 0.838953 
0.782178 0.632136 0.632136 -0.979631 -0.979631 0.886011 0.886011 
0.792079 0.607733 0.607733 -0.965252 -0.965252 0.92536 0.92536 
0.80198 0.582741 0.582741 -0.947138 -0.947138 0.956658 0.956658 
0.811881 0.557186 0.557186 -0.92536 -0.92536 0.979631 0.979631 
0.821782 0.531091 0.531091 -0.900003 -0.900003 0.99408 0.99408 
0.831683 0.504483 0.504483 -0.871163 -0.871163 0.999879 0.999879 
0.841584 0.477387 0.477387 -0.838953 -0.838953 0.996978 0.996978 
0.851485 0.449828 0.449828 -0.803497 -0.803497 0.985402 0.985402 
0.861386 0.421835 0.421835 -0.764933 -0.764933 0.965252 0.965252 
0.871287 0.393434 0.393434 -0.723409 -0.723409 0.936702 0.936702 
0.881188 0.364652 0.364652 -0.679086 -0.679086 0.900003 0.900003 
0.891089 0.335517 0.335517 -0.632136 -0.632136 0.855472 0.855472 
0.90099 0.306057 0.306057 -0.582741 -0.582741 0.803497 0.803497 
0.910891 0.276302 0.276302 -0.531091 -0.531091 0.744531 0.744531 
0.920792 0.246279 0.246279 -0.477387 -0.477387 0.679086 0.679086 
0.930693 0.216018 0.216018 -0.421835 -0.421835 0.607733 0.607733 
0.940594 0.185548 0.185548 -0.364652 -0.364652 0.531091 0.531091 
0.950495 0.154898 0.154898 -0.306057 -0.306057 0.449828 0.449828 
0.960396 0.124099 0.124099 -0.246279 -0.246279 0.364652 0.364652 
0.970297 0.0931793 0.0931793 -0.185548 -0.185548 0.276302 0.276302 
0.980198 0.0621696 0.0621696 -0.124099 -0.124099 0.185548 0.185548 
0.990099 0.0310999 0.0310999 -0.0621696 -0.0621696 0.0931793 0.0931793 
1 0 0 0 0 0 0 
