        -2        nan 
    -1.875    4.59212 
     -1.75    2.76237 
    -1.625    2.33397 
      -1.5    2.36327 
    -1.375     2.7821 
     -1.25    3.92133 
    -1.125    7.74864 
        -1        nan 
    -0.875   -8.61022 
     -0.75   -4.83415 
    -0.625    -3.7927 
      -0.5   -3.54491 
    -0.375   -3.82538 
     -0.25   -4.90167 
    -0.125   -8.71722 
         0        inf 
     0.125    7.53394 
      0.25    3.62561 
     0.375    2.37044 
       0.5    1.77245 
     0.625    1.43452 
      0.75    1.22542 
     0.875    1.08965 
         1          1 
     1.125   0.941743 
      1.25   0.906402 
     1.375   0.888914 
       1.5   0.886227 
     1.625   0.896574 
      1.75   0.919063 
     1.875   0.953446 
         2          1 
