0.1     0.112462916     0.887537084
0.2     0.222702589     0.777297411
0.3     0.328626759     0.671373241
0.4     0.428392355     0.571607645
0.5     0.520499878     0.479500122
0.6     0.603856091     0.396143909
0.7     0.677801194     0.322198806
0.8     0.742100965     0.257899035
0.9     0.796908212     0.203091788
1       0.842700793     0.157299207
1.1     0.88020507      0.11979494
1.2     0.910313978     0.089686022
1.3     0.934007945     0.065992055
1.4     0.95228512      0.04771488
1.5     0.966105146     0.033894854
1.6     0.976348383     0.023651617
1.7     0.983790459     0.016209541
1.8     0.989090502     0.010909498
1.9     0.992790429     0.007209571
2       0.995322265     0.004677735
