-1 0.353227
-0.894737 0.309802
-0.789474 0.124837
-0.684211 -0.179854
-0.578947 -0.521775
-0.473684 -0.778547
-0.368421 -0.834212
-0.263158 -0.632605
-0.157895 -0.211597
-0.0526316 0.301971
0.0526316 0.738546
0.157895 0.953842
0.263158 0.886951
0.368421 0.581375
0.473684 0.160599
0.578947 -0.227654
0.684211 -0.47053
0.789474 -0.526107
0.894737 -0.424543
1 -0.240462


 -1.000000000000e+00 3.532256562902e-01 2.699431378489e-01 2.340773214798e-01
 -9.843750000000e-01 3.560113077734e-01 8.526655892025e-02 2.396219928424e-01
 -9.687500000000e-01 3.558505261943e-01 -1.070306398140e-01 2.451873260808e-01
 -9.531250000000e-01 3.526324802301e-01 -3.058752566544e-01 2.507263954735e-01
 -9.375000000000e-01 3.462639612313e-01 -5.100852970302e-01 2.561906790230e-01
 -9.218750000000e-01 3.366710561332e-01 -7.183736375018e-01 2.615303469539e-01
 -9.062500000000e-01 3.238007530697e-01 -9.293529858297e-01 2.666945758516e-01
 -8.906250000000e-01 3.076224590007e-01 -1.141542191056e+00 2.716318872282e-01
 -8.750000000000e-01 2.881294079230e-01 -1.353373944429e+00 2.762905089745e-01
 -8.593750000000e-01 2.653399377103e-01 -1.563203896761e+00 2.806187578191e-01
 -8.437500000000e-01 2.392986133626e-01 -1.769321200547e+00 2.845654405658e-01
 -8.281250000000e-01 2.100771744622e-01 -1.969960465919e+00 2.880802715376e-01
 -8.125000000000e-01 1.777752849647e-01 -2.163315098569e+00 2.911143033091e-01
 -7.968750000000e-01 1.425210641284e-01 -2.347551965193e+00 2.936203674708e-01
 -7.812500000000e-01 1.044713784171e-01 -2.520827308308e+00 2.955535218478e-01
 -7.656250000000e-01 6.381187562745e-02 -2.681303807538e+00 2.968715002881e-01
 -7.500000000000e-01 2.075674429311e-02 -2.827168659338e+00 2.975351608599e-01
 -7.343750000000e-01 -2.445181638060e-02 -2.956652521835e+00 2.975089280445e-01
 -7.187500000000e-01 -7.154442821054e-02 -3.068049146651e+00 2.967612243048e-01
 -7.031250000000e-01 -1.202256765435e-01 -3.159735495679e+00 2.952648862409e-01
 -6.875000000000e-01 -1.701755694299e-01 -3.230192118407e+00 2.929975604243e-01
 -6.718750000000e-01 -2.210513156478e-01 -3.278023545030e+00 2.899420739426e-01
 -6.562500000000e-01 -2.724894197938e-01 -3.301978432882e+00 2.860867746798e-01
 -6.406250000000e-01 -3.241080884392e-01 -3.300969189150e+00 2.814258364212e-01
 -6.250000000000e-01 -3.755099369310e-01 -3.274090781960e+00 2.759595239949e-01
 -6.093750000000e-01 -4.262849818588e-01 -3.220638445231e+00 2.696944138674e-01
 -5.937500000000e-01 -4.760138995863e-01 -3.140123980566e+00 2.626435658727e-01
 -5.781250000000e-01 -5.242715266209e-01 -3.032290362288e+00 2.548266421048e-01
 -5.625000000000e-01 -5.706305730627e-01 -2.897124359809e+00 2.462699694102e-01
 -5.468750000000e-01 -6.146655160040e-01 -2.734866904962e+00 2.370065424077e-01
 -5.312500000000e-01 -6.559566356362e-01 -2.546020950880e+00 2.270759645062e-01
 -5.156250000000e-01 -6.940941530455e-01 -2.331356593387e+00 2.165243250096e-01
 -5.000000000000e-01 -7.286824253243e-01 -2.091913255518e+00 2.054040110603e-01
 -4.843750000000e-01 -7.593441507741e-01 -1.828998770450e+00 1.937734538923e-01
 -4.687500000000e-01 -7.857245347043e-01 -1.544185237366e+00 1.816968096202e-01
 -4.531250000000e-01 -8.074953647026e-01 -1.239301568117e+00 1.692435755779e-01
 -4.375000000000e-01 -8.243589433324e-01 -9.164226892961e-01 1.564881440259e-01
 -4.218750000000e-01 -8.360518260403e-01 -5.778554138038e-01 1.435092958657e-01
 -4.062500000000e-01 -8.423483126809e-01 -2.261210473138e-01 1.303896378064e-01
 -3.906250000000e-01 -8.430636424898e-01 1.360651526637e-01 1.172149872300e-01
 -3.750000000000e-01 -8.380568445888e-01 5.058174951416e-01 1.040737097656e-01
 -3.593750000000e-01 -8.272331991634e-01 8.801061301791e-01 9.105601530943e-02
 -3.437500000000e-01 -8.105462682984e-01 1.255785809054e+00 7.825321890091e-02
 -3.281250000000e-01 -7.879994600502e-01 1.629626813355e+00 6.575697346956e-02
 -3.125000000000e-01 -7.596470946193e-01 1.998347694049e+00 5.365848199575e-02
 -2.968750000000e-01 -7.255949473907e-01 2.358649424326e+00 4.204769707109e-02
 -2.812500000000e-01 -6.860002500585e-01 2.707250538519e+00 3.101251618725e-02
 -2.656250000000e-01 -6.410711379346e-01 3.040922804450e+00 2.063798132317e-02
 -2.500000000000e-01 -5.910655387636e-01 3.356526958749e+00 1.100549152992e-02
 -2.343750000000e-01 -5.362895058078e-01 3.651048024496e+00 2.192037228064e-03
 -2.187500000000e-01 -4.770950055014e-01 3.921629728382e+00 -5.730535170033e-03
 -2.031250000000e-01 -4.138771774848e-01 4.165607540493e+00 -1.269621991986e-02
 -1.875000000000e-01 -3.470710921775e-01 4.380539873935e+00 -1.864550182957e-02
 -1.718750000000e-01 -2.771480381201e-01 4.564237003595e+00 -2.352595176174e-02
 -1.562500000000e-01 -2.046113779786e-01 4.714787293027e+00 -2.729276070027e-02
 -1.406250000000e-01 -1.299920182455e-01 4.830580355315e+00 -2.990920598695e-02
 -1.250000000000e-01 -5.384354319115e-02 4.910326817071e+00 -3.134704407993e-02
 -1.093750000000e-01 2.326293159079e-02 4.953074403758e+00 -3.158682501470e-02
 -9.375000000000e-02 1.007441267103e-01 4.958220118253e+00 -3.061812464498e-02
 -7.812500000000e-02 1.780101251272e-01 4.925518342139e+00 -2.843969169393e-02
 -6.250000000000e-02 2.544699922677e-01 4.855084749336e+00 -2.505950763988e-02
 -4.687500000000e-02 3.295374242188e-01 4.747395983412e+00 -2.049475848223e-02
 -3.125000000000e-02 4.026363578300e-01 4.603285111938e+00 -1.477171846593e-02
 -1.562500000000e-02 4.732064772451e-01 4.423932932485e+00 -7.925546872884e-03
 0.000000000000e+00 5.407085530150e-01 4.210855264177e+00 0.000000000000e+00
 1.562500000000e-02 6.046295524811e-01 3.965886415024e+00 8.952938577194e-03
 3.125000000000e-02 6.644874635069e-01 3.691159067552e+00 1.887350542415e-02
 4.687500000000e-02 7.198357777985e-01 3.389080872756e+00 2.969467744520e-02
 6.250000000000e-02 7.702675849266e-01 3.062308084213e+00 4.134275915220e-02
 7.812500000000e-02 8.154192336285e-01 2.713716599825e+00 5.373803057435e-02
 9.375000000000e-02 8.549735229499e-01 2.346370807581e+00 6.679544874748e-02
 1.093750000000e-01 8.886623921571e-01 1.963490653635e+00 8.042539518516e-02
 1.250000000000e-01 9.162690850124e-01 1.568417365748e+00 9.453446130062e-02
 1.406250000000e-01 9.376297708413e-01 1.164578272767e+00 1.090262634199e-01
 1.562500000000e-01 9.526346117150e-01 7.554511613943e-01 1.238022788066e-01
 1.718750000000e-01 9.612282719346e-01 3.445286054518e-01 1.387626940045e-01
 1.875000000000e-01 9.634098727071e-01 -6.471730954493e-02 1.538072567989e-01
 2.031250000000e-01 9.592324013802e-01 -4.688694617485e-01 1.688361231917e-01
 2.187500000000e-01 9.488015907520e-01 -8.645989867499e-01 1.837506909822e-01
 2.343750000000e-01 9.322742897195e-01 -1.248697035843e+00 1.984544118314e-01
 2.500000000000e-01 9.098563518227e-01 -1.618104676169e+00 2.128535740640e-01
 2.656250000000e-01 8.818000730164e-01 -1.969940644349e+00 2.268580489132e-01
 2.812500000000e-01 8.484012142265e-01 -2.301526701550e+00 2.403819934377e-01
 2.968750000000e-01 8.099956478919e-01 -2.610410375676e+00 2.533445039263e-01
 3.125000000000e-01 7.669556707432e-01 -2.894384914811e+00 2.656702142396e-01
 3.281250000000e-01 7.196860275163e-01 -3.151506314421e+00 2.772898342213e-01
 3.437500000000e-01 6.686196921489e-01 -3.380107318714e+00 2.881406240236e-01
 3.593750000000e-01 6.142134542789e-01 -3.578808333248e+00 2.981668009303e-01
 3.750000000000e-01 5.569433595665e-01 -3.746525221099e+00 3.073198760132e-01
 3.906250000000e-01 4.973000525320e-01 -3.882473988206e+00 3.155589187185e-01
 4.062500000000e-01 4.357840702689e-01 -3.986172394697e+00 3.228507482388e-01
 4.218750000000e-01 3.729011345863e-01 -4.057438557831e+00 3.291700512766e-01
 4.375000000000e-01 3.091574888984e-01 -4.096386638708e+00 3.344994265363e-01
 4.531250000000e-01 2.450553245528e-01 -4.103419728881e+00 3.388293569982e-01
 4.687500000000e-01 1.810883392948e-01 -4.079220074720e+00 3.421581117064e-01
 4.843750000000e-01 1.177374682653e-01 -4.024736796698e+00 3.444915794548e-01
 5.000000000000e-01 5.546682532873e-02 -3.941171278022e+00 3.458430373658e-01
 5.156250000000e-01 -5.280110311619e-03 -3.829960412148e+00 3.462328579245e-01
 5.312500000000e-01 -6.408403032705e-02 -3.692757912084e+00 3.456881585556e-01
 5.468750000000e-01 -1.205530276812e-01 -3.531413895887e+00 3.442423983002e-01
 5.625000000000e-01 -1.743254960597e-01 -3.347952972800e+00 3.419349265727e-01
 5.781250000000e-01 -2.250726766920e-01 -3.144551062880e+00 3.388104893438e-01
 5.937500000000e-01 -2.725008346451e-01 -2.923511190057e+00 3.349186984023e-01
 6.093750000000e-01 -3.163530504573e-01 -2.687238494156e+00 3.303134696022e-01
 6.250000000000e-01 -3.564106168584e-01 -2.438214711663e+00 3.250524361897e-01
 6.406250000000e-01 -3.924940342434e-01 -2.178972377730e+00 3.191963434361e-01
 6.562500000000e-01 -4.244636025264e-01 -1.912069003121e+00 3.128084308679e-01
 6.718750000000e-01 -4.522196109633e-01 -1.640061479278e+00 3.059538083961e-01
 6.875000000000e-01 -4.757021314706e-01 -1.365480962371e+00 2.986988325862e-01
 7.031250000000e-01 -4.948904248595e-01 -1.090808482866e+00 2.911104891969e-01
 7.187500000000e-01 -5.098019732036e-01 -8.184515206383e-01 2.832557879358e-01
 7.343750000000e-01 -5.204911552507e-01 -5.507217769135e-01 2.752011751491e-01
 7.500000000000e-01 -5.270475853101e-01 -2.898143630257e-01 2.670119698647e-01
 7.656250000000e-01 -5.295941393874e-01 -3.778861223396e-02 2.587518282665e-01
 7.812500000000e-01 -5.282846954301e-01 2.034492955753e-01 2.504822412820e-01
 7.968750000000e-01 -5.233016173747e-01 4.321617254622e-01 2.422620695190e-01
 8.125000000000e-01 -5.148530151840e-01 6.467928459982e-01 2.341471193083e-01
 8.281250000000e-01 -5.031698152163e-01 8.459796295008e-01 2.261897630862e-01
 8.437500000000e-01 -4.885026770227e-01 1.028560494813e+00 2.184386067998e-01
 8.593750000000e-01 -4.711187939992e-01 1.193581521637e+00 2.109382064442e-01
 8.750000000000e-01 -4.512986162009e-01 1.340300195193e+00 2.037288352484e-01
 8.906250000000e-01 -4.293325340276e-01 1.468186670918e+00 1.968463024224e-01
 9.062500000000e-01 -4.055175614040e-01 1.576922580626e+00 1.903218237768e-01
 9.218750000000e-01 -3.801540564954e-01 1.666397433466e+00 1.841819439227e-01
 9.375000000000e-01 -3.535425169155e-01 1.736702696629e+00 1.784485091758e-01
 9.531250000000e-01 -3.259804848169e-01 1.788123671468e+00 1.731386897219e-01
 9.687500000000e-01 -2.977595952154e-01 1.821129309957e+00 1.682650490629e-01
 9.843750000000e-01 -2.691627984185e-01 1.836360143647e+00 1.638356582618e-01
 1.000000000000e+00 -2.404617845447e-01 1.834614521941e+00 1.598542520418e-01
