         0 1.33965e-17
      0.01 0.00499994
      0.02  0.0099995
      0.03  0.0149983
      0.04   0.019996
      0.05  0.0249922
      0.06  0.0299865
      0.07  0.0349786
      0.08   0.039968
      0.09  0.0449545
       0.1  0.0499375
      0.11  0.0549169
      0.12  0.0598921
      0.13  0.0648628
      0.14  0.0698286
      0.15  0.0747893
      0.16  0.0797443
      0.17  0.0846933
      0.18   0.089636
      0.19   0.094572
       0.2  0.0995008
      0.21   0.104422
      0.22   0.109336
      0.23   0.114241
      0.24   0.119138
      0.25   0.124026
      0.26   0.128905
      0.27   0.133774
      0.28   0.138632
      0.29   0.143481
       0.3   0.148319
      0.31   0.153146
      0.32   0.157961
      0.33   0.162764
      0.34   0.167555
      0.35   0.172334
      0.36     0.1771
      0.37   0.181852
      0.38   0.186591
      0.39   0.191316
       0.4   0.196027
      0.41   0.200723
      0.42   0.205403
      0.43   0.210069
      0.44   0.214719
      0.45   0.219353
      0.46    0.22397
      0.47   0.228571
      0.48   0.233154
      0.49    0.23772
       0.5   0.242268
      0.51   0.246799
      0.52    0.25131
      0.53   0.255803
      0.54   0.260277
      0.55   0.264732
      0.56   0.269166
      0.57   0.273581
      0.58   0.277975
      0.59   0.282349
       0.6   0.286701
      0.61   0.291032
      0.62   0.295341
      0.63   0.299628
      0.64   0.303893
      0.65   0.308135
      0.66   0.312355
      0.67   0.316551
      0.68   0.320723
      0.69   0.324871
       0.7   0.328996
      0.71   0.333096
      0.72    0.33717
      0.73    0.34122
      0.74   0.345245
      0.75   0.349244
      0.76   0.353216
      0.77   0.357163
      0.78   0.361083
      0.79   0.364976
       0.8   0.368842
      0.81   0.372681
      0.82   0.376492
      0.83   0.380275
      0.84   0.384029
      0.85   0.387755
      0.86   0.391453
      0.87   0.395121
      0.88    0.39876
      0.89    0.40237
       0.9    0.40595
      0.91   0.409499
      0.92   0.413018
      0.93   0.416507
      0.94   0.419965
      0.95   0.423392
      0.96   0.426787
      0.97   0.430151
      0.98   0.433483
      0.99   0.436783
         1   0.440051
      1.01   0.443286
      1.02   0.446488
      1.03   0.449658
      1.04   0.452794
      1.05   0.455897
      1.06   0.458966
      1.07   0.462001
      1.08   0.465003
      1.09    0.46797
       1.1   0.470902
      1.11     0.4738
      1.12   0.476663
      1.13   0.479491
      1.14   0.482284
      1.15   0.485041
      1.16   0.487763
      1.17   0.490449
      1.18   0.493098
      1.19   0.495712
       1.2   0.498289
      1.21    0.50083
      1.22   0.503334
      1.23   0.505801
      1.24   0.508231
      1.25   0.510623
      1.26   0.512979
      1.27   0.515296
      1.28   0.517577
      1.29   0.519819
       1.3   0.522023
      1.31   0.524189
      1.32   0.526317
      1.33   0.528407
      1.34   0.530458
      1.35    0.53247
      1.36   0.534444
      1.37   0.536379
      1.38   0.538274
      1.39   0.540131
       1.4   0.541948
      1.41   0.543726
      1.42   0.545464
      1.43   0.547162
      1.44   0.548821
      1.45   0.550441
      1.46    0.55202
      1.47   0.553559
      1.48   0.555059
      1.49   0.556518
       1.5   0.557937
      1.51   0.559315
      1.52   0.560653
      1.53   0.561951
      1.54   0.563208
      1.55   0.564424
      1.56     0.5656
      1.57   0.566735
      1.58    0.56783
      1.59   0.568883
       1.6   0.569896
      1.61   0.570868
      1.62   0.571798
      1.63   0.572688
      1.64   0.573537
      1.65   0.574344
      1.66   0.575111
      1.67   0.575836
      1.68    0.57652
      1.69   0.577163
       1.7   0.577765
      1.71   0.578326
      1.72   0.578845
      1.73   0.579323
      1.74    0.57976
      1.75   0.580156
      1.76   0.580511
      1.77   0.580824
      1.78   0.581096
      1.79   0.581327
       1.8   0.581517
      1.81   0.581666
      1.82   0.581773
      1.83    0.58184
      1.84   0.581865
      1.85   0.581849
      1.86   0.581793
      1.87   0.581695
      1.88   0.581557
      1.89   0.581377
       1.9   0.581157
      1.91   0.580896
      1.92   0.580595
      1.93   0.580252
      1.94    0.57987
      1.95   0.579446
      1.96   0.578983
      1.97   0.578478
      1.98   0.577934
      1.99   0.577349
         2   0.576725
      2.01    0.57606
      2.02   0.575355
      2.03   0.574611
      2.04   0.573827
      2.05   0.573003
      2.06   0.572139
      2.07   0.571236
      2.08   0.570294
      2.09   0.569313
       2.1   0.568292
      2.11   0.567233
      2.12   0.566134
      2.13   0.564997
      2.14   0.563821
      2.15   0.562607
      2.16   0.561354
      2.17   0.560063
      2.18   0.558735
      2.19   0.557368
       2.2   0.555963
      2.21   0.554521
      2.22   0.553041
      2.23   0.551524
      2.24    0.54997
      2.25   0.548378
      2.26    0.54675
      2.27   0.545085
      2.28   0.543384
      2.29   0.541646
       2.3   0.539873
      2.31   0.538063
      2.32   0.536217
      2.33   0.534336
      2.34   0.532419
      2.35   0.530467
      2.36    0.52848
      2.37   0.526458
      2.38   0.524402
      2.39   0.522311
       2.4   0.520185
      2.41   0.518026
      2.42   0.515833
      2.43   0.513606
      2.44   0.511346
      2.45   0.509052
      2.46   0.506726
      2.47   0.504366
      2.48   0.501974
      2.49    0.49955
       2.5   0.497094
      2.51   0.494606
      2.52   0.492086
      2.53   0.489535
      2.54   0.486953
      2.55    0.48434
      2.56   0.481696
      2.57   0.479021
      2.58   0.476317
      2.59   0.473582
       2.6   0.470818
      2.61   0.468025
      2.62   0.465202
      2.63    0.46235
      2.64    0.45947
      2.65   0.456561
      2.66   0.453625
      2.67    0.45066
      2.68   0.447668
      2.69   0.444648
       2.7   0.441601
      2.71   0.438528
      2.72   0.435428
      2.73   0.432302
      2.74    0.42915
      2.75   0.425972
      2.76   0.422769
      2.77   0.419541
      2.78   0.416288
      2.79   0.413011
       2.8   0.409709
      2.81   0.406384
      2.82   0.403035
      2.83   0.399662
      2.84   0.396267
      2.85   0.392849
      2.86   0.389408
      2.87   0.385945
      2.88   0.382461
      2.89   0.378955
       2.9   0.375427
      2.91   0.371879
      2.92   0.368311
      2.93   0.364722
      2.94   0.361113
      2.95   0.357485
      2.96   0.353837
      2.97    0.35017
      2.98   0.346485
      2.99   0.342781
         3   0.339059
      3.01   0.335319
      3.02   0.331563
      3.03   0.327789
      3.04   0.323998
      3.05   0.320191
      3.06   0.316368
      3.07   0.312529
      3.08   0.308675
      3.09   0.304805
       3.1   0.300921
      3.11   0.297023
      3.12    0.29311
      3.13   0.289184
      3.14   0.285244
      3.15   0.281291
      3.16   0.277326
      3.17   0.273348
      3.18   0.269358
      3.19   0.265356
       3.2   0.261343
      3.21   0.257319
      3.22   0.253284
      3.23   0.249239
      3.24   0.245184
      3.25    0.24112
      3.26   0.237046
      3.27   0.232963
      3.28   0.228871
      3.29   0.224771
       3.3   0.220663
      3.31   0.216548
      3.32   0.212425
      3.33   0.208296
      3.34    0.20416
      3.35   0.200018
      3.36    0.19587
      3.37   0.191716
      3.38   0.187557
      3.39   0.183394
       3.4   0.179226
      3.41   0.175054
      3.42   0.170878
      3.43   0.166699
      3.44   0.162516
      3.45   0.158331
      3.46   0.154144
      3.47   0.149954
      3.48   0.145763
      3.49   0.141571
       3.5   0.137378
      3.51   0.133183
      3.52   0.128989
      3.53   0.124795
      3.54   0.120601
      3.55   0.116408
      3.56   0.112216
      3.57   0.108025
      3.58   0.103836
      3.59  0.0996498
       3.6  0.0954655
      3.61  0.0912841
      3.62  0.0871059
      3.63  0.0829311
      3.64  0.0787602
      3.65  0.0745934
      3.66  0.0704312
      3.67  0.0662737
      3.68  0.0621215
      3.69  0.0579748
       3.7   0.053834
      3.71  0.0496993
      3.72  0.0455712
      3.73    0.04145
      3.74  0.0373359
      3.75  0.0332293
      3.76  0.0291307
      3.77  0.0250402
      3.78  0.0209582
      3.79   0.016885
       3.8   0.012821
      3.81  0.0087665
      3.82 0.00472181
      3.83 0.000687248
      3.84 -0.00333685
      3.85 -0.00735018
      3.86 -0.0113524
      3.87 -0.0153432
      3.88 -0.0193223
      3.89 -0.0232894
       3.9  -0.027244
      3.91 -0.0311861
      3.92 -0.0351151
      3.93 -0.0390308
      3.94  -0.042933
      3.95 -0.0468212
      3.96 -0.0506953
      3.97 -0.0545548
      3.98 -0.0583995
      3.99 -0.0622291
         4 -0.0660433
      4.01 -0.0698418
      4.02 -0.0736243
      4.03 -0.0773905
      4.04 -0.0811401
      4.05 -0.0848728
      4.06 -0.0885884
      4.07 -0.0922865
      4.08 -0.0959669
      4.09 -0.0996292
       4.1  -0.103273
      4.11  -0.106899
      4.12  -0.110505
      4.13  -0.114093
      4.14  -0.117661
      4.15  -0.121209
      4.16  -0.124738
      4.17  -0.128246
      4.18  -0.131734
      4.19  -0.135201
       4.2  -0.138647
      4.21  -0.142072
      4.22  -0.145475
      4.23  -0.148857
      4.24  -0.152216
      4.25  -0.155553
      4.26  -0.158868
      4.27   -0.16216
      4.28  -0.165429
      4.29  -0.168674
       4.3  -0.171897
      4.31  -0.175095
      4.32  -0.178269
      4.33   -0.18142
      4.34  -0.184546
      4.35  -0.187647
      4.36  -0.190723
      4.37  -0.193775
      4.38    -0.1968
      4.39  -0.199801
       4.4  -0.202776
      4.41  -0.205724
      4.42  -0.208647
      4.43  -0.211543
      4.44  -0.214412
      4.45  -0.217255
      4.46  -0.220071
      4.47   -0.22286
      4.48  -0.225621
      4.49  -0.228355
       4.5   -0.23106
      4.51  -0.233738
      4.52  -0.236388
      4.53   -0.23901
      4.54  -0.241603
      4.55  -0.244167
      4.56  -0.246703
      4.57  -0.249209
      4.58  -0.251686
      4.59  -0.254134
       4.6  -0.256553
      4.61  -0.258942
      4.62  -0.261301
      4.63   -0.26363
      4.64  -0.265928
      4.65  -0.268197
      4.66  -0.270435
      4.67  -0.272643
      4.68   -0.27482
      4.69  -0.276966
       4.7  -0.279081
      4.71  -0.281165
      4.72  -0.283217
      4.73  -0.285239
      4.74  -0.287229
      4.75  -0.289187
      4.76  -0.291113
      4.77  -0.293008
      4.78  -0.294871
      4.79  -0.296701
       4.8    -0.2985
      4.81  -0.300266
      4.82     -0.302
      4.83  -0.303701
      4.84   -0.30537
      4.85  -0.307006
      4.86   -0.30861
      4.87   -0.31018
      4.88  -0.311718
      4.89  -0.313223
       4.9  -0.314695
      4.91  -0.316133
      4.92  -0.317539
      4.93  -0.318911
      4.94   -0.32025
      4.95  -0.321555
      4.96  -0.322827
      4.97  -0.324065
      4.98   -0.32527
      4.99  -0.326441
         5  -0.327579
      5.01  -0.328683
      5.02  -0.329753
      5.03   -0.33079
      5.04  -0.331792
      5.05  -0.332761
      5.06  -0.333696
      5.07  -0.334597
      5.08  -0.335465
      5.09  -0.336298
       5.1  -0.337097
      5.11  -0.337863
      5.12  -0.338594
      5.13  -0.339292
      5.14  -0.339955
      5.15  -0.340585
      5.16   -0.34118
      5.17  -0.341742
      5.18  -0.342269
      5.19  -0.342763
       5.2  -0.343223
      5.21  -0.343649
      5.22  -0.344041
      5.23  -0.344399
      5.24  -0.344723
      5.25  -0.345014
      5.26  -0.345271
      5.27  -0.345494
      5.28  -0.345683
      5.29  -0.345839
       5.3  -0.345961
      5.31  -0.346049
      5.32  -0.346104
      5.33  -0.346126
      5.34  -0.346114
      5.35  -0.346069
      5.36   -0.34599
      5.37  -0.345879
      5.38  -0.345734
      5.39  -0.345556
       5.4  -0.345345
      5.41  -0.345101
      5.42  -0.344824
      5.43  -0.344515
      5.44  -0.344173
      5.45  -0.343798
      5.46   -0.34339
      5.47  -0.342951
      5.48  -0.342479
      5.49  -0.341975
       5.5  -0.341438
      5.51   -0.34087
      5.52   -0.34027
      5.53  -0.339638
      5.54  -0.338974
      5.55  -0.338279
      5.56  -0.337552
      5.57  -0.336794
      5.58  -0.336004
      5.59  -0.335184
       5.6  -0.334333
      5.61  -0.333451
      5.62  -0.332538
      5.63  -0.331595
      5.64  -0.330621
      5.65  -0.329617
      5.66  -0.328583
      5.67  -0.327518
      5.68  -0.326424
      5.69  -0.325301
       5.7  -0.324148
      5.71  -0.322965
      5.72  -0.321753
      5.73  -0.320513
      5.74  -0.319243
      5.75  -0.317945
      5.76  -0.316618
      5.77  -0.315262
      5.78  -0.313879
      5.79  -0.312467
       5.8  -0.311028
      5.81  -0.309561
      5.82  -0.308066
      5.83  -0.306544
      5.84  -0.304995
      5.85  -0.303419
      5.86  -0.301817
      5.87  -0.300187
      5.88  -0.298532
      5.89   -0.29685
       5.9  -0.295142
      5.91  -0.293409
      5.92   -0.29165
      5.93  -0.289866
      5.94  -0.288056
      5.95  -0.286222
      5.96  -0.284363
      5.97  -0.282479
      5.98  -0.280572
      5.99   -0.27864
         6  -0.276684
      6.01  -0.274704
      6.02  -0.272702
      6.03  -0.270676
      6.04  -0.268627
      6.05  -0.266555
      6.06  -0.264461
      6.07  -0.262345
      6.08  -0.260207
      6.09  -0.258046
       6.1  -0.255865
      6.11  -0.253662
      6.12  -0.251438
      6.13  -0.249193
      6.14  -0.246927
      6.15  -0.244642
      6.16  -0.242336
      6.17   -0.24001
      6.18  -0.237665
      6.19    -0.2353
       6.2  -0.232917
      6.21  -0.230514
      6.22  -0.228093
      6.23  -0.225654
      6.24  -0.223196
      6.25  -0.220721
      6.26  -0.218228
      6.27  -0.215718
      6.28  -0.213191
      6.29  -0.210647
       6.3  -0.208087
      6.31   -0.20551
      6.32  -0.202918
      6.33   -0.20031
      6.34  -0.197686
      6.35  -0.195048
      6.36  -0.192394
      6.37  -0.189726
      6.38  -0.187044
      6.39  -0.184348
       6.4  -0.181638
      6.41  -0.178914
      6.42  -0.176177
      6.43  -0.173427
      6.44  -0.170665
      6.45   -0.16789
      6.46  -0.165104
      6.47  -0.162305
      6.48  -0.159495
      6.49  -0.156674
       6.5  -0.153841
      6.51  -0.150998
      6.52  -0.148145
      6.53  -0.145282
      6.54  -0.142409
      6.55  -0.139526
      6.56  -0.136634
      6.57  -0.133733
      6.58  -0.130824
      6.59  -0.127906
       6.6   -0.12498
      6.61  -0.122047
      6.62  -0.119105
      6.63  -0.116157
      6.64  -0.113202
      6.65   -0.11024
      6.66  -0.107272
      6.67  -0.104298
      6.68  -0.101318
      6.69 -0.0983326
       6.7 -0.0953421
      6.71 -0.0923468
      6.72 -0.0893469
      6.73 -0.0863427
      6.74 -0.0833346
      6.75 -0.0803228
      6.76 -0.0773076
      6.77 -0.0742893
      6.78 -0.0712681
      6.79 -0.0682445
       6.8 -0.0652187
      6.81 -0.0621909
      6.82 -0.0591615
      6.83 -0.0561307
      6.84 -0.0530989
      6.85 -0.0500663
      6.86 -0.0470332
      6.87     -0.044
      6.88 -0.0409669
      6.89 -0.0379341
       6.9 -0.0349021
      6.91  -0.031871
      6.92 -0.0288412
      6.93  -0.025813
      6.94 -0.0227866
      6.95 -0.0197623
      6.96 -0.0167404
      6.97 -0.0137213
      6.98 -0.0107051
      6.99 -0.00769218
         7 -0.00468282
      7.01 -0.00167731
      7.02 0.00132409
      7.03 0.00432108
      7.04 0.00731339
      7.05  0.0103007
      7.06  0.0132828
      7.07  0.0162594
      7.08  0.0192302
      7.09  0.0221949
       7.1  0.0251533
      7.11   0.028105
      7.12  0.0310498
      7.13  0.0339875
      7.14  0.0369177
      7.15  0.0398402
      7.16  0.0427547
      7.17  0.0456609
      7.18  0.0485586
      7.19  0.0514476
       7.2  0.0543274
      7.21   0.057198
      7.22  0.0600589
      7.23    0.06291
      7.24  0.0657511
      7.25  0.0685817
      7.26  0.0714017
      7.27  0.0742109
      7.28  0.0770089
      7.29  0.0797955
       7.3  0.0825704
      7.31  0.0853335
      7.32  0.0880844
      7.33   0.090823
      7.34  0.0935488
      7.35  0.0962619
      7.36  0.0989617
      7.37   0.101648
      7.38   0.104321
      7.39    0.10698
       7.4   0.109625
      7.41   0.112256
      7.42   0.114872
      7.43   0.117473
      7.44   0.120059
      7.45    0.12263
      7.46   0.125186
      7.47   0.127726
      7.48   0.130249
      7.49   0.132757
       7.5   0.135248
      7.51   0.137723
      7.52   0.140181
      7.53   0.142622
      7.54   0.145046
      7.55   0.147452
      7.56    0.14984
      7.57   0.152211
      7.58   0.154564
      7.59   0.156898
       7.6   0.159214
      7.61   0.161511
      7.62   0.163789
      7.63   0.166048
      7.64   0.168288
      7.65   0.170509
      7.66    0.17271
      7.67   0.174891
      7.68   0.177052
      7.69   0.179192
       7.7   0.181313
      7.71   0.183413
      7.72   0.185492
      7.73    0.18755
      7.74   0.189587
      7.75   0.191603
      7.76   0.193597
      7.77    0.19557
      7.78   0.197521
      7.79    0.19945
       7.8   0.201357
      7.81   0.203242
      7.82   0.205104
      7.83   0.206944
      7.84   0.208761
      7.85   0.210555
      7.86   0.212327
      7.87   0.214075
      7.88     0.2158
      7.89   0.217501
       7.9   0.219179
      7.91   0.220834
      7.92   0.222464
      7.93   0.224071
      7.94   0.225653
      7.95   0.227212
      7.96   0.228746
      7.97   0.230255
      7.98    0.23174
      7.99   0.233201
         8   0.234636
      8.01   0.236047
      8.02   0.237433
      8.03   0.238794
      8.04   0.240129
      8.05   0.241439
      8.06   0.242724
      8.07   0.243983
      8.08   0.245217
      8.09   0.246425
       8.1   0.247608
      8.11   0.248764
      8.12   0.249895
      8.13      0.251
      8.14   0.252078
      8.15   0.253131
      8.16   0.254157
      8.17   0.255157
      8.18   0.256131
      8.19   0.257078
       8.2   0.257999
      8.21   0.258893
      8.22   0.259761
      8.23   0.260602
      8.24   0.261416
      8.25   0.262204
      8.26   0.262964
      8.27   0.263698
      8.28   0.264406
      8.29   0.265086
       8.3   0.265739
      8.31   0.266366
      8.32   0.266965
      8.33   0.267538
      8.34   0.268083
      8.35   0.268601
      8.36   0.269092
      8.37   0.269557
      8.38   0.269994
      8.39   0.270403
       8.4   0.270786
      8.41   0.271142
      8.42    0.27147
      8.43   0.271772
      8.44   0.272046
      8.45   0.272293
      8.46   0.272513
      8.47   0.272706
      8.48   0.272872
      8.49    0.27301
       8.5   0.273122
      8.51   0.273207
      8.52   0.273264
      8.53   0.273295
      8.54   0.273298
      8.55   0.273275
      8.56   0.273224
      8.57   0.273147
      8.58   0.273043
      8.59   0.272912
       8.6   0.272755
      8.61   0.272571
      8.62    0.27236
      8.63   0.272122
      8.64   0.271858
      8.65   0.271567
      8.66    0.27125
      8.67   0.270907
      8.68   0.270537
      8.69   0.270141
       8.7   0.269719
      8.71   0.269271
      8.72   0.268796
      8.73   0.268296
      8.74    0.26777
      8.75   0.267218
      8.76    0.26664
      8.77   0.266037
      8.78   0.265408
      8.79   0.264753
       8.8   0.264074
      8.81   0.263369
      8.82   0.262638
      8.83   0.261883
      8.84   0.261103
      8.85   0.260298
      8.86   0.259468
      8.87   0.258613
      8.88   0.257734
      8.89    0.25683
       8.9   0.255902
      8.91    0.25495
      8.92   0.253974
      8.93   0.252974
      8.94    0.25195
      8.95   0.250902
      8.96   0.249831
      8.97   0.248736
      8.98   0.247618
      8.99   0.246476
         9   0.245312
      9.01   0.244124
      9.02   0.242914
      9.03   0.241682
      9.04   0.240426
      9.05   0.239149
      9.06   0.237849
      9.07   0.236527
      9.08   0.235183
      9.09   0.233818
       9.1   0.232431
      9.11   0.231022
      9.12   0.229592
      9.13   0.228142
      9.14    0.22667
      9.15   0.225177
      9.16   0.223664
      9.17    0.22213
      9.18   0.220577
      9.19   0.219003
       9.2   0.217409
      9.21   0.215795
      9.22   0.214162
      9.23   0.212509
      9.24   0.210837
      9.25   0.209147
      9.26   0.207437
      9.27   0.205709
      9.28   0.203962
      9.29   0.202197
       9.3   0.200414
      9.31   0.198613
      9.32   0.196794
      9.33   0.194958
      9.34   0.193105
      9.35   0.191234
      9.36   0.189347
      9.37   0.187443
      9.38   0.185522
      9.39   0.183585
       9.4   0.181632
      9.41   0.179663
      9.42   0.177679
      9.43   0.175679
      9.44   0.173664
      9.45   0.171633
      9.46   0.169588
      9.47   0.167529
      9.48   0.165455
      9.49   0.163367
       9.5   0.161264
      9.51   0.159149
      9.52   0.157019
      9.53   0.154877
      9.54   0.152721
      9.55   0.150552
      9.56   0.148371
      9.57   0.146178
      9.58   0.143972
      9.59   0.141754
       9.6   0.139525
      9.61   0.137284
      9.62   0.135032
      9.63   0.132769
      9.64   0.130495
      9.65   0.128211
      9.66   0.125916
      9.67   0.123611
      9.68   0.121296
      9.69   0.118972
       9.7   0.116639
      9.71   0.114296
      9.72   0.111944
      9.73   0.109584
      9.74   0.107215
      9.75   0.104839
      9.76   0.102454
      9.77   0.100061
      9.78  0.0976613
      9.79  0.0952542
       9.8  0.0928401
      9.81  0.0904193
      9.82   0.087992
      9.83  0.0855585
      9.84  0.0831189
      9.85  0.0806737
      9.86  0.0782229
      9.87  0.0757669
      9.88  0.0733059
      9.89  0.0708401
       9.9  0.0683698
      9.91  0.0658953
      9.92  0.0634167
      9.93  0.0609343
      9.94  0.0584484
      9.95  0.0559592
      9.96   0.053467
      9.97   0.050972
      9.98  0.0484745
      9.99  0.0459746
        10  0.0434727
     10.01  0.0409691
     10.02  0.0384638
     10.03  0.0359573
     10.04  0.0334497
     10.05  0.0309412
     10.06  0.0284322
     10.07  0.0259229
     10.08  0.0234135
     10.09  0.0209043
      10.1  0.0183955
     10.11  0.0158874
     10.12  0.0133801
     10.13  0.0108741
     10.14 0.00836939
     10.15 0.00586634
     10.16 0.00336519
     10.17 0.000866156
     10.18 -0.0016305
     10.19 -0.00412455
      10.2 -0.00661574
     10.21 -0.00910384
     10.22 -0.0115886
     10.23 -0.0140698
     10.24 -0.0165471
     10.25 -0.0190205
     10.26 -0.0214895
     10.27  -0.023954
     10.28 -0.0264137
     10.29 -0.0288684
      10.3 -0.0313178
     10.31 -0.0337618
     10.32 -0.0362001
     10.33 -0.0386324
     10.34 -0.0410586
     10.35 -0.0434783
     10.36 -0.0458914
     10.37 -0.0482976
     10.38 -0.0506967
     10.39 -0.0530885
      10.4 -0.0554728
     10.41 -0.0578492
     10.42 -0.0602176
     10.43 -0.0625779
     10.44 -0.0649296
     10.45 -0.0672727
     10.46 -0.0696068
     10.47 -0.0719318
     10.48 -0.0742475
     10.49 -0.0765537
      10.5   -0.07885
     10.51 -0.0811364
     10.52 -0.0834125
     10.53 -0.0856782
     10.54 -0.0879333
     10.55 -0.0901775
     10.56 -0.0924107
     10.57 -0.0946326
     10.58 -0.0968431
     10.59 -0.0990418
      10.6  -0.101229
     10.61  -0.103403
     10.62  -0.105566
     10.63  -0.107716
     10.64  -0.109853
     10.65  -0.111978
     10.66  -0.114089
     10.67  -0.116187
     10.68  -0.118272
     10.69  -0.120342
      10.7  -0.122399
     10.71  -0.124442
     10.72  -0.126471
     10.73  -0.128485
     10.74  -0.130485
     10.75   -0.13247
     10.76   -0.13444
     10.77  -0.136395
     10.78  -0.138334
     10.79  -0.140258
      10.8  -0.142167
     10.81  -0.144059
     10.82  -0.145935
     10.83  -0.147796
     10.84  -0.149639
     10.85  -0.151467
     10.86  -0.153277
     10.87  -0.155071
     10.88  -0.156848
     10.89  -0.158607
      10.9   -0.16035
     10.91  -0.162074
     10.92  -0.163782
     10.93  -0.165471
     10.94  -0.167142
     10.95  -0.168795
     10.96   -0.17043
     10.97  -0.172047
     10.98  -0.173645
     10.99  -0.175225
        11  -0.176785
     11.01  -0.178327
     11.02   -0.17985
     11.03  -0.181353
     11.04  -0.182837
     11.05  -0.184302
     11.06  -0.185747
     11.07  -0.187172
     11.08  -0.188577
     11.09  -0.189963
      11.1  -0.191328
     11.11  -0.192673
     11.12  -0.193998
     11.13  -0.195303
     11.14  -0.196587
     11.15   -0.19785
     11.16  -0.199093
     11.17  -0.200314
     11.18  -0.201515
     11.19  -0.202695
      11.2  -0.203853
     11.21   -0.20499
     11.22  -0.206106
     11.23  -0.207201
     11.24  -0.208274
     11.25  -0.209325
     11.26  -0.210355
     11.27  -0.211363
     11.28  -0.212349
     11.29  -0.213313
      11.3  -0.214255
     11.31  -0.215175
     11.32  -0.216073
     11.33  -0.216949
     11.34  -0.217802
     11.35  -0.218633
     11.36  -0.219442
     11.37  -0.220228
     11.38  -0.220991
     11.39  -0.221732
      11.4  -0.222451
     11.41  -0.223146
     11.42  -0.223819
     11.43  -0.224469
     11.44  -0.225097
     11.45  -0.225701
     11.46  -0.226282
     11.47  -0.226841
     11.48  -0.227377
     11.49  -0.227889
      11.5  -0.228379
     11.51  -0.228845
     11.52  -0.229288
     11.53  -0.229708
     11.54  -0.230106
     11.55  -0.230479
     11.56   -0.23083
     11.57  -0.231157
     11.58  -0.231462
     11.59  -0.231743
      11.6     -0.232
     11.61  -0.232235
     11.62  -0.232446
     11.63  -0.232634
     11.64  -0.232799
     11.65  -0.232941
     11.66  -0.233059
     11.67  -0.233154
     11.68  -0.233226
     11.69  -0.233275
      11.7    -0.2333
     11.71  -0.233303
     11.72  -0.233282
     11.73  -0.233238
     11.74  -0.233171
     11.75  -0.233081
     11.76  -0.232967
     11.77  -0.232831
     11.78  -0.232672
     11.79   -0.23249
      11.8  -0.232285
     11.81  -0.232057
     11.82  -0.231806
     11.83  -0.231532
     11.84  -0.231236
     11.85  -0.230917
     11.86  -0.230575
     11.87  -0.230211
     11.88  -0.229824
     11.89  -0.229415
      11.9  -0.228983
     11.91  -0.228529
     11.92  -0.228053
     11.93  -0.227554
     11.94  -0.227033
     11.95   -0.22649
     11.96  -0.225926
     11.97  -0.225339
     11.98   -0.22473
     11.99  -0.224099
        12  -0.223447
     12.01  -0.222773
     12.02  -0.222078
     12.03  -0.221361
     12.04  -0.220623
     12.05  -0.219863
     12.06  -0.219082
     12.07   -0.21828
     12.08  -0.217457
     12.09  -0.216614
      12.1  -0.215749
     12.11  -0.214864
     12.12  -0.213958
     12.13  -0.213031
     12.14  -0.212085
     12.15  -0.211118
     12.16   -0.21013
     12.17  -0.209123
     12.18  -0.208096
     12.19  -0.207049
      12.2  -0.205982
     12.21  -0.204896
     12.22   -0.20379
     12.23  -0.202665
     12.24  -0.201521
     12.25  -0.200357
     12.26  -0.199175
     12.27  -0.197974
     12.28  -0.196754
     12.29  -0.195516
      12.3  -0.194259
     12.31  -0.192984
     12.32  -0.191691
     12.33   -0.19038
     12.34  -0.189051
     12.35  -0.187704
     12.36   -0.18634
     12.37  -0.184958
     12.38  -0.183559
     12.39  -0.182143
      12.4   -0.18071
     12.41  -0.179261
     12.42  -0.177794
     12.43  -0.176311
     12.44  -0.174812
     12.45  -0.173297
     12.46  -0.171766
     12.47  -0.170219
     12.48  -0.168656
     12.49  -0.167077
      12.5  -0.165484
     12.51  -0.163875
     12.52  -0.162251
     12.53  -0.160613
     12.54  -0.158959
     12.55  -0.157292
     12.56   -0.15561
     12.57  -0.153914
     12.58  -0.152204
     12.59   -0.15048
      12.6  -0.148742
     12.61  -0.146992
     12.62  -0.145228
     12.63  -0.143451
     12.64  -0.141661
     12.65  -0.139858
     12.66  -0.138043
     12.67  -0.136216
     12.68  -0.134376
     12.69  -0.132525
      12.7  -0.130662
     12.71  -0.128788
     12.72  -0.126902
     12.73  -0.125005
     12.74  -0.123097
     12.75  -0.121179
     12.76  -0.119249
     12.77   -0.11731
     12.78   -0.11536
     12.79  -0.113401
      12.8  -0.111432
     12.81  -0.109453
     12.82  -0.107465
     12.83  -0.105467
     12.84  -0.103461
     12.85  -0.101446
     12.86 -0.0994229
     12.87 -0.0973912
     12.88 -0.0953513
     12.89 -0.0933036
      12.9 -0.0912483
     12.91 -0.0891854
     12.92 -0.0871153
     12.93 -0.0850381
     12.94 -0.0829541
     12.95 -0.0808634
     12.96 -0.0787663
     12.97  -0.076663
     12.98 -0.0745538
     12.99 -0.0724387
        13 -0.0703181
     13.01 -0.0681921
     13.02 -0.0660609
     13.03 -0.0639249
     13.04 -0.0617841
     13.05 -0.0596388
     13.06 -0.0574892
     13.07 -0.0553356
     13.08 -0.0531781
     13.09  -0.051017
      13.1 -0.0488525
     13.11 -0.0466847
     13.12  -0.044514
     13.13 -0.0423405
     13.14 -0.0401645
     13.15 -0.0379861
     13.16 -0.0358056
     13.17 -0.0336232
     13.18 -0.0314391
     13.19 -0.0292535
      13.2 -0.0270667
     13.21 -0.0248789
     13.22 -0.0226902
     13.23 -0.0205009
     13.24 -0.0183113
     13.25 -0.0161215
     13.26 -0.0139317
     13.27 -0.0117422
     13.28 -0.0095532
     13.29 -0.00736488
      13.3 -0.00517748
     13.31 -0.00299121
     13.32 -0.000806279
     13.33 0.00137709
     13.34 0.00355868
     13.35 0.00573829
     13.36 0.00791569
     13.37  0.0100907
     13.38   0.012263
     13.39  0.0144326
      13.4   0.016599
     13.41  0.0187622
     13.42  0.0209219
     13.43   0.023078
     13.44  0.0252301
     13.45  0.0273781
     13.46  0.0295218
     13.47   0.031661
     13.48  0.0337954
     13.49  0.0359249
      13.5  0.0380493
     13.51  0.0401683
     13.52  0.0422817
     13.53  0.0443894
     13.54  0.0464911
     13.55  0.0485866
     13.56  0.0506758
     13.57  0.0527583
     13.58  0.0548341
     13.59  0.0569029
      13.6  0.0589646
     13.61  0.0610188
     13.62  0.0630655
     13.63  0.0651044
     13.64  0.0671353
     13.65  0.0691581
     13.66  0.0711725
     13.67  0.0731784
     13.68  0.0751755
     13.69  0.0771637
      13.7  0.0791428
     13.71  0.0811125
     13.72  0.0830728
     13.73  0.0850233
     13.74   0.086964
     13.75  0.0888946
     13.76   0.090815
     13.77   0.092725
     13.78  0.0946243
     13.79  0.0965129
      13.8  0.0983905
     13.81   0.100257
     13.82   0.102112
     13.83   0.103956
     13.84   0.105788
     13.85   0.107608
     13.86   0.109416
     13.87   0.111212
     13.88   0.112995
     13.89   0.114767
      13.9   0.116525
     13.91    0.11827
     13.92   0.120003
     13.93   0.121722
     13.94   0.123428
     13.95   0.125121
     13.96     0.1268
     13.97   0.128465
     13.98   0.130116
     13.99   0.131753
        14   0.133375
     14.01   0.134983
     14.02   0.136577
     14.03   0.138156
     14.04    0.13972
     14.05   0.141269
     14.06   0.142803
     14.07   0.144322
     14.08   0.145825
     14.09   0.147312
      14.1   0.148784
     14.11    0.15024
     14.12   0.151681
     14.13   0.153104
     14.14   0.154512
     14.15   0.155904
     14.16   0.157279
     14.17   0.158637
     14.18   0.159978
     14.19   0.161303
      14.2   0.162611
     14.21   0.163901
     14.22   0.165175
     14.23   0.166431
     14.24   0.167669
     14.25   0.168891
     14.26   0.170094
     14.27    0.17128
     14.28   0.172447
     14.29   0.173597
      14.3   0.174729
     14.31   0.175843
     14.32   0.176938
     14.33   0.178015
     14.34   0.179073
     14.35   0.180113
     14.36   0.181135
     14.37   0.182137
     14.38   0.183121
     14.39   0.184086
      14.4   0.185032
     14.41   0.185958
     14.42   0.186866
     14.43   0.187755
     14.44   0.188624
     14.45   0.189473
     14.46   0.190304
     14.47   0.191115
     14.48   0.191906
     14.49   0.192678
      14.5   0.193429
     14.51   0.194162
     14.52   0.194874
     14.53   0.195566
     14.54   0.196239
     14.55   0.196891
     14.56   0.197524
     14.57   0.198136
     14.58   0.198729
     14.59   0.199301
      14.6   0.199853
     14.61   0.200384
     14.62   0.200896
     14.63   0.201387
     14.64   0.201857
     14.65   0.202307
     14.66   0.202737
     14.67   0.203146
     14.68   0.203535
     14.69   0.203904
      14.7   0.204251
     14.71   0.204578
     14.72   0.204885
     14.73   0.205171
     14.74   0.205436
     14.75   0.205681
     14.76   0.205905
     14.77   0.206109
     14.78   0.206292
     14.79   0.206454
      14.8   0.206596
     14.81   0.206716
     14.82   0.206817
     14.83   0.206896
     14.84   0.206955
     14.85   0.206994
     14.86   0.207011
     14.87   0.207008
     14.88   0.206985
     14.89   0.206941
      14.9   0.206876
     14.91   0.206791
     14.92   0.206685
     14.93   0.206559
     14.94   0.206412
     14.95   0.206245
     14.96   0.206058
     14.97    0.20585
     14.98   0.205621
     14.99   0.205373
        15   0.205104
     15.01   0.204815
     15.02   0.204506
     15.03   0.204176
     15.04   0.203827
     15.05   0.203457
     15.06   0.203068
     15.07   0.202658
     15.08   0.202229
     15.09   0.201779
      15.1    0.20131
     15.11   0.200821
     15.12   0.200313
     15.13   0.199785
     15.14   0.199237
     15.15    0.19867
     15.16   0.198084
     15.17   0.197478
     15.18   0.196853
     15.19   0.196209
      15.2   0.195545
     15.21   0.194863
     15.22   0.194162
     15.23   0.193442
     15.24   0.192703
     15.25   0.191945
     15.26   0.191169
     15.27   0.190374
     15.28   0.189561
     15.29   0.188729
      15.3   0.187879
     15.31   0.187012
     15.32   0.186126
     15.33   0.185222
     15.34     0.1843
     15.35    0.18336
     15.36   0.182403
     15.37   0.181428
     15.38   0.180436
     15.39   0.179427
      15.4     0.1784
     15.41   0.177357
     15.42   0.176296
     15.43   0.175218
     15.44   0.174124
     15.45   0.173013
     15.46   0.171886
     15.47   0.170742
     15.48   0.169582
     15.49   0.168405
      15.5   0.167213
     15.51   0.166005
     15.52   0.164781
     15.53   0.163542
     15.54   0.162287
     15.55   0.161017
     15.56   0.159731
     15.57    0.15843
     15.58   0.157115
     15.59   0.155785
      15.6    0.15444
     15.61    0.15308
     15.62   0.151706
     15.63   0.150318
     15.64   0.148916
     15.65     0.1475
     15.66    0.14607
     15.67   0.144627
     15.68    0.14317
     15.69   0.141699
      15.7   0.140216
     15.71   0.138719
     15.72    0.13721
     15.73   0.135688
     15.74   0.134153
     15.75   0.132606
     15.76   0.131047
     15.77   0.129476
     15.78   0.127893
     15.79   0.126298
      15.8   0.124691
     15.81   0.123073
     15.82   0.121444
     15.83   0.119804
     15.84   0.118153
     15.85   0.116491
     15.86   0.114819
     15.87   0.113136
     15.88   0.111444
     15.89   0.109741
      15.9   0.108028
     15.91   0.106305
     15.92   0.104573
     15.93   0.102832
     15.94   0.101082
     15.95  0.0993224
     15.96  0.0975542
     15.97  0.0957774
     15.98  0.0939922
     15.99  0.0921987
        16  0.0903972
     16.01  0.0885878
     16.02  0.0867707
     16.03  0.0849461
     16.04  0.0831142
     16.05  0.0812751
     16.06  0.0794291
     16.07  0.0775764
     16.08   0.075717
     16.09  0.0738513
      16.1  0.0719794
     16.11  0.0701015
     16.12  0.0682178
     16.13  0.0663284
     16.14  0.0644336
     16.15  0.0625336
     16.16  0.0606285
     16.17  0.0587186
     16.18  0.0568039
     16.19  0.0548849
      16.2  0.0529615
     16.21   0.051034
     16.22  0.0491027
     16.23  0.0471677
     16.24  0.0452291
     16.25  0.0432872
     16.26  0.0413423
     16.27  0.0393944
     16.28  0.0374437
     16.29  0.0354906
      16.3  0.0335351
     16.31  0.0315774
     16.32  0.0296179
     16.33  0.0276565
     16.34  0.0256936
     16.35  0.0237294
     16.36   0.021764
     16.37  0.0197976
     16.38  0.0178305
     16.39  0.0158628
      16.4  0.0138947
     16.41  0.0119264
     16.42 0.00995813
     16.43 0.00799007
     16.44 0.00602241
     16.45 0.00405534
     16.46 0.00208907
     16.47 0.000123786
     16.48 -0.00184032
     16.49 -0.00380305
      16.5 -0.00576421
     16.51 -0.00772361
     16.52 -0.00968106
     16.53 -0.0116364
     16.54 -0.0135893
     16.55 -0.0155397
     16.56 -0.0174874
     16.57 -0.0194322
     16.58 -0.0213739
     16.59 -0.0233122
      16.6 -0.0252471
     16.61 -0.0271783
     16.62 -0.0291056
     16.63 -0.0310289
     16.64 -0.0329479
     16.65 -0.0348625
     16.66 -0.0367725
     16.67 -0.0386776
     16.68 -0.0405778
     16.69 -0.0424728
      16.7 -0.0443624
     16.71 -0.0462465
     16.72 -0.0481248
     16.73 -0.0499972
     16.74 -0.0518635
     16.75 -0.0537236
     16.76 -0.0555771
     16.77 -0.0574241
     16.78 -0.0592642
     16.79 -0.0610973
      16.8 -0.0629232
     16.81 -0.0647418
     16.82 -0.0665528
     16.83 -0.0683562
     16.84 -0.0701516
     16.85  -0.071939
     16.86 -0.0737182
     16.87  -0.075489
     16.88 -0.0772512
     16.89 -0.0790047
      16.9 -0.0807493
     16.91 -0.0824847
     16.92  -0.084211
     16.93 -0.0859278
     16.94 -0.0876351
     16.95 -0.0893326
     16.96 -0.0910202
     16.97 -0.0926978
     16.98 -0.0943651
     16.99 -0.0960221
        17 -0.0976685
     17.01 -0.0993042
     17.02  -0.100929
     17.03  -0.102543
     17.04  -0.104146
     17.05  -0.105737
     17.06  -0.107317
     17.07  -0.108885
     17.08  -0.110442
     17.09  -0.111986
      17.1  -0.113519
     17.11  -0.115039
     17.12  -0.116547
     17.13  -0.118043
     17.14  -0.119526
     17.15  -0.120996
     17.16  -0.122453
     17.17  -0.123897
     17.18  -0.125328
     17.19  -0.126746
      17.2   -0.12815
     17.21   -0.12954
     17.22  -0.130917
     17.23   -0.13228
     17.24  -0.133629
     17.25  -0.134964
     17.26  -0.136285
     17.27  -0.137591
     17.28  -0.138883
     17.29  -0.140161
      17.3  -0.141423
     17.31  -0.142671
     17.32  -0.143904
     17.33  -0.145122
     17.34  -0.146325
     17.35  -0.147512
     17.36  -0.148684
     17.37  -0.149841
     17.38  -0.150981
     17.39  -0.152107
      17.4  -0.153216
     17.41   -0.15431
     17.42  -0.155387
     17.43  -0.156449
     17.44  -0.157494
     17.45  -0.158523
     17.46  -0.159535
     17.47  -0.160531
     17.48  -0.161511
     17.49  -0.162474
      17.5   -0.16342
     17.51  -0.164349
     17.52  -0.165262
     17.53  -0.166157
     17.54  -0.167035
     17.55  -0.167897
     17.56  -0.168741
     17.57  -0.169567
     17.58  -0.170377
     17.59  -0.171168
      17.6  -0.171943
     17.61    -0.1727
     17.62  -0.173439
     17.63   -0.17416
     17.64  -0.174864
     17.65   -0.17555
     17.66  -0.176218
     17.67  -0.176868
     17.68    -0.1775
     17.69  -0.178114
      17.7   -0.17871
     17.71  -0.179287
     17.72  -0.179847
     17.73  -0.180388
     17.74  -0.180911
     17.75  -0.181416
     17.76  -0.181902
     17.77   -0.18237
     17.78   -0.18282
     17.79  -0.183251
      17.8  -0.183663
     17.81  -0.184057
     17.82  -0.184433
     17.83   -0.18479
     17.84  -0.185128
     17.85  -0.185448
     17.86  -0.185749
     17.87  -0.186031
     17.88  -0.186294
     17.89  -0.186539
      17.9  -0.186765
     17.91  -0.186973
     17.92  -0.187161
     17.93  -0.187331
     17.94  -0.187482
     17.95  -0.187615
     17.96  -0.187728
     17.97  -0.187823
     17.98  -0.187899
     17.99  -0.187956
        18  -0.187995
     18.01  -0.188015
     18.02  -0.188016
     18.03  -0.187998
     18.04  -0.187961
     18.05  -0.187906
     18.06  -0.187832
     18.07   -0.18774
     18.08  -0.187629
     18.09  -0.187499
      18.1   -0.18735
     18.11  -0.187183
     18.12  -0.186997
     18.13  -0.186793
     18.14  -0.186571
     18.15  -0.186329
     18.16   -0.18607
     18.17  -0.185792
     18.18  -0.185496
     18.19  -0.185181
      18.2  -0.184848
     18.21  -0.184497
     18.22  -0.184127
     18.23   -0.18374
     18.24  -0.183334
     18.25   -0.18291
     18.26  -0.182469
     18.27  -0.182009
     18.28  -0.181532
     18.29  -0.181036
      18.3  -0.180523
     18.31  -0.179992
     18.32  -0.179444
     18.33  -0.178878
     18.34  -0.178294
     18.35  -0.177693
     18.36  -0.177075
     18.37  -0.176439
     18.38  -0.175786
     18.39  -0.175116
      18.4  -0.174428
     18.41  -0.173724
     18.42  -0.173003
     18.43  -0.172265
     18.44   -0.17151
     18.45  -0.170738
     18.46   -0.16995
     18.47  -0.169146
     18.48  -0.168325
     18.49  -0.167487
      18.5  -0.166634
     18.51  -0.165764
     18.52  -0.164878
     18.53  -0.163976
     18.54  -0.163059
     18.55  -0.162125
     18.56  -0.161176
     18.57  -0.160211
     18.58  -0.159231
     18.59  -0.158236
      18.6  -0.157225
     18.61    -0.1562
     18.62  -0.155159
     18.63  -0.154103
     18.64  -0.153033
     18.65  -0.151947
     18.66  -0.150848
     18.67  -0.149733
     18.68  -0.148605
     18.69  -0.147462
      18.7  -0.146305
     18.71  -0.145135
     18.72   -0.14395
     18.73  -0.142752
     18.74   -0.14154
     18.75  -0.140314
     18.76  -0.139075
     18.77  -0.137823
     18.78  -0.136558
     18.79   -0.13528
      18.8   -0.13399
     18.81  -0.132686
     18.82   -0.13137
     18.83  -0.130042
     18.84  -0.128701
     18.85  -0.127349
     18.86  -0.125984
     18.87  -0.124607
     18.88  -0.123219
     18.89  -0.121819
      18.9  -0.120408
     18.91  -0.118986
     18.92  -0.117552
     18.93  -0.116107
     18.94  -0.114652
     18.95  -0.113186
     18.96   -0.11171
     18.97  -0.110223
     18.98  -0.108726
     18.99  -0.107218
        19  -0.105701
     19.01  -0.104175
     19.02  -0.102638
     19.03  -0.101093
     19.04 -0.0995375
     19.05 -0.0979733
     19.06 -0.0964002
     19.07 -0.0948183
     19.08 -0.0932278
     19.09 -0.0916289
      19.1 -0.0900216
     19.11 -0.0884062
     19.12 -0.0867828
     19.13 -0.0851517
     19.14 -0.0835128
     19.15 -0.0818666
     19.16  -0.080213
     19.17 -0.0785523
     19.18 -0.0768846
     19.19 -0.0752101
      19.2  -0.073529
     19.21 -0.0718414
     19.22 -0.0701476
     19.23 -0.0684476
     19.24 -0.0667417
     19.25 -0.0650301
     19.26 -0.0633128
     19.27 -0.0615901
     19.28 -0.0598622
     19.29 -0.0581292
      19.3 -0.0563913
     19.31 -0.0546486
     19.32 -0.0529015
     19.33 -0.0511499
     19.34 -0.0493942
     19.35 -0.0476344
     19.36 -0.0458709
     19.37 -0.0441036
     19.38 -0.0423329
     19.39 -0.0405588
      19.4 -0.0387816
     19.41 -0.0370015
     19.42 -0.0352186
     19.43 -0.0334331
     19.44 -0.0316452
     19.45 -0.0298551
     19.46 -0.0280629
     19.47 -0.0262688
     19.48  -0.024473
     19.49 -0.0226757
      19.5 -0.0208771
     19.51 -0.0190773
     19.52 -0.0172765
     19.53 -0.0154749
     19.54 -0.0136727
     19.55 -0.0118701
     19.56 -0.0100672
     19.57 -0.00826422
     19.58 -0.00646133
     19.59 -0.00465872
      19.6 -0.00285657
     19.61 -0.00105505
     19.62 0.00074565
     19.63 0.00254536
     19.64  0.0043439
     19.65  0.0061411
     19.66 0.00793676
     19.67 0.00973073
     19.68  0.0115228
     19.69  0.0133128
      19.7  0.0151006
     19.71   0.016886
     19.72  0.0186688
     19.73  0.0204488
     19.74  0.0222259
     19.75  0.0239998
     19.76  0.0257705
     19.77  0.0275377
     19.78  0.0293012
     19.79   0.031061
      19.8  0.0328168
     19.81  0.0345684
     19.82  0.0363156
     19.83  0.0380584
     19.84  0.0397965
     19.85  0.0415298
     19.86   0.043258
     19.87   0.044981
     19.88  0.0466988
     19.89  0.0484109
      19.9  0.0501174
     19.91  0.0518181
     19.92  0.0535127
     19.93  0.0552011
     19.94  0.0568832
     19.95  0.0585587
     19.96  0.0602276
     19.97  0.0618897
     19.98  0.0635447
     19.99  0.0651926
