     0.125         -4 
      0.25         -4 
     0.375         -4 
       0.5         -4 
     0.625         -4 
      0.75         -4 
     0.875         -4 
         1         -4 
     1.125         -4 
      1.25         -4 
     1.375         -4 
       1.5         -4 
     1.625         -4 
      1.75         -4 
     1.875         -4 
         2         -4 
     2.125         -4 
      2.25         -4 
     2.375         -4 
       2.5         -4 
     2.625         -4 
      2.75         -4 
     2.875         -4 
         3         -4 
     3.125         -4 
      3.25         -4 
     3.375         -4 
       3.5         -4 
     3.625         -4 
      3.75         -4 
     3.875         -4 
         4         -4 
     4.125         -4 
      4.25         -4 
     4.375         -4 
       4.5         -4 
     4.625         -4 
      4.75         -4 
     4.875         -4 
         5         -4 
