         1          0
   0.99995 0.00999983
    0.9998  0.0199987
   0.99955  0.0299955
    0.9992  0.0399893
   0.99875  0.0499792
  0.998201   0.059964
  0.997551  0.0699428
  0.996802  0.0799147
  0.995953  0.0898785
  0.995004  0.0998334
  0.993956   0.109778
  0.992809   0.119712
  0.991562   0.129634
  0.990216   0.139543
  0.988771   0.149438
  0.987227   0.159318
  0.985585   0.169182
  0.983844    0.17903
  0.982004   0.188859
  0.980067   0.198669
  0.978031    0.20846
  0.975897    0.21823
  0.973666   0.227978
  0.971338   0.237703
  0.968912   0.247404
   0.96639   0.257081
  0.963771   0.266731
  0.961055   0.276356
  0.958244   0.285952
  0.955336    0.29552
  0.952334   0.305059
  0.949235   0.314567
  0.946042   0.324043
  0.942755   0.333487
  0.939373   0.342898
  0.935897   0.352274
  0.932327   0.361615
  0.928665    0.37092
  0.924909   0.380188
  0.921061   0.389418
  0.917121   0.398609
  0.913089    0.40776
  0.908966   0.416871
  0.904752   0.425939
  0.900447   0.434966
  0.896052   0.443948
  0.891568   0.452886
  0.886995   0.461779
  0.882333   0.470626
  0.877583   0.479426
  0.872745   0.488177
  0.867819    0.49688
  0.862807   0.505533
  0.857709   0.514136
  0.852525   0.522687
  0.847255   0.531186
  0.841901   0.539632
  0.836463   0.548024
  0.830941   0.556361
  0.825336   0.564642
  0.819648   0.572867
  0.813878   0.581035
  0.808028   0.589145
  0.802096   0.597195
  0.796084   0.605186
  0.789992   0.613117
  0.783822   0.620986
  0.777573   0.628793
  0.771246   0.636537
  0.764842   0.644218
  0.758362   0.651834
  0.751806   0.659385
  0.745174    0.66687
  0.738469   0.674288
  0.731689   0.681639
  0.724836   0.688921
  0.717911   0.696135
  0.710914   0.703279
  0.703845   0.710353
  0.696707   0.717356
  0.689498   0.724287
  0.682221   0.731146
  0.674876   0.737931
  0.667463   0.744643
  0.659983    0.75128
  0.652437   0.757843
  0.644827   0.764329
  0.637151   0.770739
  0.629412   0.777072
   0.62161   0.783327
  0.613746   0.789504
   0.60582   0.795602
  0.597834    0.80162
  0.589788   0.807558
  0.581683   0.813416
   0.57352   0.819192
    0.5653   0.824886
  0.557023   0.830497
   0.54869   0.836026
  0.540302   0.841471
  0.531861   0.846832
  0.523366   0.852108
  0.514819   0.857299
   0.50622   0.862404
  0.497571   0.867423
  0.488872   0.872355
  0.480124   0.877201
  0.471328   0.881958
  0.462485   0.886627
  0.453596   0.891207
  0.444662   0.895699
  0.435682     0.9001
   0.42666   0.904412
  0.417595   0.908633
  0.408487   0.912764
   0.39934   0.916803
  0.390152   0.920751
  0.380925   0.924606
   0.37166   0.928369
  0.362358   0.932039
  0.353019   0.935616
  0.343646   0.939099
  0.334238   0.942489
  0.324796   0.945784
  0.315322   0.948985
  0.305817    0.95209
  0.296281   0.955101
  0.286715   0.958016
  0.277121   0.960835
  0.267499   0.963558
   0.25785   0.966185
  0.248175   0.968715
  0.238476   0.971148
  0.228753   0.973485
  0.219007   0.975723
  0.209239   0.977865
   0.19945   0.979908
  0.189641   0.981854
  0.179813   0.983701
  0.169967    0.98545
  0.160104     0.9871
  0.150225   0.988652
  0.140332   0.990105
  0.130424   0.991458
  0.120503   0.992713
   0.11057   0.993868
  0.100626   0.994924
 0.0906716   0.995881
 0.0807084   0.996738
 0.0707372   0.997495
 0.0607589   0.998152
 0.0507745    0.99871
  0.040785   0.999168
 0.0307915   0.999526
 0.0207948   0.999784
 0.0107961   0.999942
0.000796327          1
