0.000471475    0.79952 
  0.834609   0.106921 
  0.763442   0.634575 
  0.427855   0.999768 
  0.672133   0.334315 
  0.250997   0.559015 
  0.243515   0.335415 
  0.543801    0.27784 
   0.78535   0.349919 
  0.258789   0.964281 
  0.859038   0.151244 
  0.822285    0.25482 
  0.962526   0.948288 
   0.36431   0.978537 
  0.928883   0.859851 
  0.912428   0.863015 
  0.545431   0.973257 
 0.0593216  0.0786035 
  0.893908   0.509135 
  0.599207   0.135671 
   0.90337    0.56944 
  0.629184   0.618751 
  0.630002   0.983326 
  0.621384   0.267816 
  0.748181   0.747969 
  0.965906   0.899859 
  0.763579   0.560909 
  0.479675   0.678585 
  0.445821   0.946849 
  0.384128   0.225873 
  0.978771   0.480359 
  0.252241  0.0749998 
  0.329416   0.595723 
  0.426838   0.971003 
  0.334863   0.500991 
   0.40383   0.512816 
   0.01036   0.676236 
  0.685759   0.640087 
  0.575445   0.468212 
   0.60322     0.4608 
  0.693798    0.28386 
  0.608036   0.929931 
  0.441945   0.870946 
  0.530898   0.861577 
  0.487289   0.194119 
  0.311247    0.79456 
  0.988145   0.408355 
  0.693575   0.195415 
  0.715315   0.421486 
  0.394988   0.507039 
  0.888344    0.55215 
  0.237725   0.541561 
  0.232821   0.783171 
  0.753918   0.718868 
  0.754319   0.105979 
   0.75921   0.643005 
  0.735822   0.461916 
  0.390808   0.527173 
   0.44544   0.772628 
  0.119756   0.963909 
 0.0739641    0.56881 
  0.228133   0.533616 
  0.381235    0.71048 
  0.256088   0.759742 
  0.565527   0.703159 
  0.919647   0.909144 
  0.854435   0.102661 
  0.993473   0.132753 
  0.307055   0.519687 
   0.66539   0.454355 
  0.343538   0.714486 
  0.858768  0.0982023 
   0.48592   0.286458 
 0.0222969    0.66426 
  0.824392   0.457715 
  0.891516   0.645697 
  0.695321   0.449634 
  0.716758   0.789618 
 0.0847119   0.953858 
  0.459435   0.802974 
  0.244893   0.196284 
  0.458641   0.899747 
 0.0337069  0.0955083 
 0.0665868   0.695774 
  0.472294  0.0147414 
  0.751905   0.942882 
 0.0180618   0.608664 
   0.17082   0.612605 
 0.0591784   0.260831 
  0.708132   0.814354 
  0.130104    0.61748 
  0.990471  0.0670531 
  0.339371    0.71628 
  0.859096   0.411584 
  0.524756   0.203666 
  0.322298   0.860101 
  0.615327   0.152986 
  0.968824   0.701769 
  0.728196   0.970255 
    0.3516   0.140495 
  0.467768   0.897289 
  0.846169    0.78371 
  0.954317   0.605883 
  0.465264   0.470962 
 0.0682413    0.38887 
  0.156388   0.949155 
  0.412903   0.443685 
 0.0609104   0.888582 
    0.4951    0.74697 
  0.237609   0.745602 
  0.625597  0.0265417 
  0.365312   0.966118 
 0.0411793   0.328319 
  0.907048  0.0376404 
  0.737497    0.67037 
  0.244026   0.878249 
  0.530266   0.295798 
  0.278937  0.0736606 
  0.827265  0.0215627 
 0.0110275   0.458997 
  0.626241   0.174895 
  0.574159   0.542315 
  0.224092   0.627113 
  0.247126   0.269907 
  0.149054   0.420415 
  0.933784   0.639714 
  0.815369     0.4901 
  0.607643   0.656992 
  0.384852   0.976362 
  0.230653    0.13077 
  0.362669   0.635418 
  0.636446   0.817443 
  0.398045   0.839714 
  0.883403   0.409555 
   0.81382   0.673074 
  0.578988    0.86097 
  0.346797   0.622742 
  0.668054   0.565044 
  0.613513   0.359527 
  0.194383   0.870657 
  0.791197   0.116306 
  0.529594   0.441961 
 0.0173252   0.159028 
  0.568463   0.967227 
   0.01021   0.849727 
  0.396002   0.703099 
  0.404773   0.807892 
  0.924372   0.370387 
  0.310822   0.657501 
  0.991296   0.890166 
  0.588943   0.876811 
   0.43758   0.463094 
  0.342555   0.236243 
  0.645169   0.491971 
  0.132955   0.332197 
 0.0469757   0.852409 
  0.409051   0.713352 
  0.107503 0.000385911 
  0.659599   0.100453 
  0.267426   0.431816 
  0.780141   0.203958 
  0.361412   0.976571 
  0.163893   0.628821 
0.00282547   0.445488 
0.00538858    0.37763 
  0.434834   0.112803 
   0.32906   0.448193 
  0.357195   0.549628 
  0.227136   0.019234 
    0.2126   0.294306 
  0.832748   0.736398 
  0.449682   0.873814 
  0.491114   0.589779 
  0.249483   0.662052 
  0.665932   0.881013 
  0.224191  0.0862394 
 0.0585092   0.791667 
  0.582759   0.675571 
0.000471475    0.79952 
  0.834609   0.106921 
  0.763442   0.634575 
  0.427855   0.999768 
  0.672133   0.334315 
  0.250997   0.559015 
  0.243515   0.335415 
  0.543801    0.27784 
   0.78535   0.349919 
  0.258789   0.964281 
  0.859038   0.151244 
  0.822285    0.25482 
  0.962526   0.948288 
   0.36431   0.978537 
  0.928883   0.859851 
  0.912428   0.863015 
  0.545431   0.973257 
 0.0593216  0.0786035 
  0.893908   0.509135 
  0.599207   0.135671 
   0.90337    0.56944 
  0.629184   0.618751 
  0.630002   0.983326 
  0.621384   0.267816 
  0.748181   0.747969 
  0.965906   0.899859 
  0.763579   0.560909 
  0.479675   0.678585 
  0.445821   0.946849 
  0.384128   0.225873 
  0.978771   0.480359 
  0.252241  0.0749998 
  0.329416   0.595723 
  0.426838   0.971003 
  0.334863   0.500991 
   0.40383   0.512816 
   0.01036   0.676236 
  0.685759   0.640087 
  0.575445   0.468212 
   0.60322     0.4608 
  0.693798    0.28386 
  0.608036   0.929931 
  0.441945   0.870946 
  0.530898   0.861577 
  0.487289   0.194119 
  0.311247    0.79456 
  0.988145   0.408355 
  0.693575   0.195415 
  0.715315   0.421486 
  0.394988   0.507039 
  0.888344    0.55215 
  0.237725   0.541561 
  0.232821   0.783171 
  0.753918   0.718868 
  0.754319   0.105979 
   0.75921   0.643005 
  0.735822   0.461916 
  0.390808   0.527173 
   0.44544   0.772628 
  0.119756   0.963909 
 0.0739641    0.56881 
  0.228133   0.533616 
  0.381235    0.71048 
  0.256088   0.759742 
  0.565527   0.703159 
  0.919647   0.909144 
  0.854435   0.102661 
  0.993473   0.132753 
  0.307055   0.519687 
   0.66539   0.454355 
  0.343538   0.714486 
  0.858768  0.0982023 
   0.48592   0.286458 
 0.0222969    0.66426 
  0.824392   0.457715 
  0.891516   0.645697 
  0.695321   0.449634 
  0.716758   0.789618 
 0.0847119   0.953858 
  0.459435   0.802974 
  0.244893   0.196284 
  0.458641   0.899747 
 0.0337069  0.0955083 
 0.0665868   0.695774 
  0.472294  0.0147414 
  0.751905   0.942882 
 0.0180618   0.608664 
   0.17082   0.612605 
 0.0591784   0.260831 
  0.708132   0.814354 
  0.130104    0.61748 
  0.990471  0.0670531 
  0.339371    0.71628 
  0.859096   0.411584 
  0.524756   0.203666 
  0.322298   0.860101 
  0.615327   0.152986 
  0.968824   0.701769 
  0.728196   0.970255 
    0.3516   0.140495 
  0.467768   0.897289 
  0.846169    0.78371 
  0.954317   0.605883 
  0.465264   0.470962 
 0.0682413    0.38887 
  0.156388   0.949155 
  0.412903   0.443685 
 0.0609104   0.888582 
    0.4951    0.74697 
  0.237609   0.745602 
  0.625597  0.0265417 
  0.365312   0.966118 
 0.0411793   0.328319 
  0.907048  0.0376404 
  0.737497    0.67037 
  0.244026   0.878249 
  0.530266   0.295798 
  0.278937  0.0736606 
  0.827265  0.0215627 
 0.0110275   0.458997 
  0.626241   0.174895 
  0.574159   0.542315 
  0.224092   0.627113 
  0.247126   0.269907 
  0.149054   0.420415 
  0.933784   0.639714 
  0.815369     0.4901 
  0.607643   0.656992 
  0.384852   0.976362 
  0.230653    0.13077 
  0.362669   0.635418 
  0.636446   0.817443 
  0.398045   0.839714 
  0.883403   0.409555 
   0.81382   0.673074 
  0.578988    0.86097 
  0.346797   0.622742 
  0.668054   0.565044 
  0.613513   0.359527 
  0.194383   0.870657 
  0.791197   0.116306 
  0.529594   0.441961 
 0.0173252   0.159028 
  0.568463   0.967227 
   0.01021   0.849727 
  0.396002   0.703099 
  0.404773   0.807892 
  0.924372   0.370387 
  0.310822   0.657501 
  0.991296   0.890166 
  0.588943   0.876811 
   0.43758   0.463094 
  0.342555   0.236243 
  0.645169   0.491971 
  0.132955   0.332197 
 0.0469757   0.852409 
  0.409051   0.713352 
  0.107503 0.000385911 
  0.659599   0.100453 
  0.267426   0.431816 
  0.780141   0.203958 
  0.361412   0.976571 
  0.163893   0.628821 
0.00282547   0.445488 
0.00538858    0.37763 
  0.434834   0.112803 
   0.32906   0.448193 
  0.357195   0.549628 
  0.227136   0.019234 
    0.2126   0.294306 
  0.832748   0.736398 
  0.449682   0.873814 
  0.491114   0.589779 
  0.249483   0.662052 
  0.665932   0.881013 
  0.224191  0.0862394 
 0.0585092   0.791667 
  0.582759   0.675571 
  0.441574  0.0397223 
  0.265367    0.45408 
  0.721463   0.130032 
  0.545749   0.175753 
  0.708643   0.704103 
  0.606269   0.905322 
  0.114649   0.475547 
  0.577443   0.445213 
  0.263217   0.264379 
  0.546303  0.0959621 
 0.0244198   0.625273 
 0.0375084   0.274514 
  0.462994   0.567347 
  0.458904   0.465489 
  0.707228    0.86742 
 0.0178718  0.0215532 
  0.538389   0.481624 
  0.606531   0.305056 
  0.195834   0.543662 
  0.155769   0.674859 
  0.905095   0.461911 
  0.955191   0.817364 
   0.61676   0.609016 
  0.445817   0.917367 
  0.476155   0.106923 
   0.98162   0.178968 
  0.499909   0.198546 
 0.0530656   0.185811 
  0.977455    0.72463 
  0.489267   0.605045 
 0.0916251   0.185296 
  0.122625   0.737437 
   0.25491    0.89653 
  0.422317   0.409753 
  0.668223   0.746501 
  0.598089   0.709871 
   0.59289  0.0365484 
  0.672886  0.0685486 
  0.848068   0.923963 
  0.026772   0.182955 
 0.0218903   0.954327 
  0.899922   0.282945 
  0.903639   0.188312 
  0.378617   0.243499 
  0.633544   0.420477 
  0.337379  0.0398999 
 0.0731259   0.998395 
  0.855336  0.0461419 
  0.892196   0.725959 
  0.605796   0.677551 
  0.875908   0.367992 
  0.703464   0.877123 
   0.94894   0.244898 
  0.530232   0.945578 
  0.421216   0.424222 
 0.0254516    0.21514 
  0.950749 0.000306086 
  0.946967  0.0675198 
  0.724597   0.973279 
  0.597112   0.795131 
  0.357441   0.221038 
  0.520458   0.805535 
 0.0160824  0.0612837 
  0.672367   0.670099 
  0.250819   0.910452 
  0.551991   0.519298 
 0.0566534   0.536603 
  0.804109     0.2749 
  0.648207   0.403842 
  0.794689   0.232711 
  0.449826   0.613627 
  0.649926   0.486599 
  0.814035   0.934179 
  0.266556   0.693784 
  0.950793    0.43265 
  0.789061   0.688258 
  0.575819   0.192465 
 0.0586465   0.435965 
  0.783384   0.627553 
   0.53106   0.832228 
  0.631351     0.8925 
  0.154948   0.844374 
  0.950668   0.881778 
  0.732733    0.50051 
   0.86663   0.329777 
  0.237623   0.216162 
  0.546541   0.495523 
  0.606806   0.969517 
  0.663053   0.948682 
  0.502004   0.820873 
 0.0712139   0.946111 
  0.536926   0.270924 
  0.213393   0.901395 
  0.473068   0.967647 
  0.738407   0.451279 
  0.887778   0.254472 
  0.835826   0.612156 
   0.81018  0.0636278 
  0.794742   0.532472 
  0.820576   0.652241 
  0.280145   0.338608 
  0.126982   0.679702 
  0.825958   0.574233 
  0.103186    0.13706 
 0.0471525   0.734603 
  0.800043   0.609392 
 0.0728935     0.3914 
   0.92317   0.390192 
  0.696833   0.414469 
  0.780938   0.934597 
  0.744527   0.786541 
   0.70035   0.160237 
  0.162864   0.511914 
  0.411245  0.0869285 
  0.327617   0.117154 
  0.900835   0.326424 
 0.0642014    0.24673 
  0.233644   0.909543 
  0.899747   0.854077 
  0.846162   0.961901 
 0.0176386   0.483699 
    0.8035   0.719943 
  0.445796   0.147714 
  0.529765   0.394105 
  0.951346   0.297349 
  0.503379   0.373272 
  0.164633   0.386927 
  0.425627   0.271957 
  0.415478   0.532801 
  0.353654   0.324635 
   0.78706   0.764779 
  0.303773   0.621833 
  0.895226   0.371026 
  0.826533   0.689946 
  0.882016   0.838403 
 0.0428307    0.91574 
  0.126303   0.886757 
  0.657641    0.31215 
  0.176953  0.0937665 
  0.438198   0.130704 
  0.403111   0.616673 
   0.65907   0.818176 
  0.863078   0.506517 
  0.020461   0.812062 
  0.892287   0.116336 
  0.530966   0.686129 
  0.911325   0.104303 
  0.863562   0.135778 
  0.949156   0.526916 
  0.675063    0.30761 
  0.386384   0.531532 
    0.3998   0.972229 
  0.422984   0.136027 
0.00724596  0.0461295 
  0.755355   0.609245 
   0.23142   0.947054 
  0.977336    0.93908 
  0.767669   0.303813 
  0.201287   0.898899 
  0.941705    0.50347 
  0.395813   0.204035 
  0.338204   0.582745 
  0.939644   0.264682 
  0.910466   0.966544 
  0.899977  0.0322569 
 0.0491343    0.54631 
  0.525497   0.437298 
  0.124165   0.604043 
  0.458498   0.922779 
  0.995629  0.0824833 
  0.168033   0.572374 
   0.98994   0.691197 
 0.0997128    0.33121 
  0.849323    0.36664 
 0.0440992   0.818151 
   0.14621   0.568614 
   0.22614   0.236927 
  0.669904   0.923865 
   0.441574  0.0397223 
  0.265367    0.45408 
  0.721463   0.130032 
  0.545749   0.175753 
  0.708643   0.704103 
  0.606269   0.905322 
  0.114649   0.475547 
  0.577443   0.445213 
  0.263217   0.264379 
  0.546303  0.0959621 
 0.0244198   0.625273 
 0.0375084   0.274514 
  0.462994   0.567347 
  0.458904   0.465489 
  0.707228    0.86742 
 0.0178718  0.0215532 
  0.538389   0.481624 
  0.606531   0.305056 
  0.195834   0.543662 
  0.155769   0.674859 
  0.905095   0.461911 
  0.955191   0.817364 
   0.61676   0.609016 
  0.445817   0.917367 
  0.476155   0.106923 
   0.98162   0.178968 
  0.499909   0.198546 
 0.0530656   0.185811 
  0.977455    0.72463 
  0.489267   0.605045 
 0.0916251   0.185296 
  0.122625   0.737437 
   0.25491    0.89653 
  0.422317   0.409753 
  0.668223   0.746501 
  0.598089   0.709871 
   0.59289  0.0365484 
  0.672886  0.0685486 
  0.848068   0.923963 
  0.026772   0.182955 
 0.0218903   0.954327 
  0.899922   0.282945 
  0.903639   0.188312 
  0.378617   0.243499 
  0.633544   0.420477 
  0.337379  0.0398999 
 0.0731259   0.998395 
  0.855336  0.0461419 
  0.892196   0.725959 
  0.605796   0.677551 
  0.875908   0.367992 
  0.703464   0.877123 
   0.94894   0.244898 
  0.530232   0.945578 
  0.421216   0.424222 
 0.0254516    0.21514 
  0.950749 0.000306086 
  0.946967  0.0675198 
  0.724597   0.973279 
  0.597112   0.795131 
  0.357441   0.221038 
  0.520458   0.805535 
 0.0160824  0.0612837 
  0.672367   0.670099 
  0.250819   0.910452 
  0.551991   0.519298 
 0.0566534   0.536603 
  0.804109     0.2749 
  0.648207   0.403842 
  0.794689   0.232711 
  0.449826   0.613627 
  0.649926   0.486599 
  0.814035   0.934179 
  0.266556   0.693784 
  0.950793    0.43265 
  0.789061   0.688258 
  0.575819   0.192465 
 0.0586465   0.435965 
  0.783384   0.627553 
   0.53106   0.832228 
  0.631351     0.8925 
  0.154948   0.844374 
  0.950668   0.881778 
  0.732733    0.50051 
   0.86663   0.329777 
  0.237623   0.216162 
  0.546541   0.495523 
  0.606806   0.969517 
  0.663053   0.948682 
  0.502004   0.820873 
 0.0712139   0.946111 
  0.536926   0.270924 
  0.213393   0.901395 
  0.473068   0.967647 
  0.738407   0.451279 
  0.887778   0.254472 
  0.835826   0.612156 
   0.81018  0.0636278 
  0.794742   0.532472 
  0.820576   0.652241 
  0.280145   0.338608 
  0.126982   0.679702 
  0.825958   0.574233 
  0.103186    0.13706 
 0.0471525   0.734603 
  0.800043   0.609392 
 0.0728935     0.3914 
   0.92317   0.390192 
  0.696833   0.414469 
  0.780938   0.934597 
  0.744527   0.786541 
   0.70035   0.160237 
  0.162864   0.511914 
  0.411245  0.0869285 
  0.327617   0.117154 
  0.900835   0.326424 
 0.0642014    0.24673 
  0.233644   0.909543 
  0.899747   0.854077 
  0.846162   0.961901 
 0.0176386   0.483699 
    0.8035   0.719943 
  0.445796   0.147714 
  0.529765   0.394105 
  0.951346   0.297349 
  0.503379   0.373272 
  0.164633   0.386927 
  0.425627   0.271957 
  0.415478   0.532801 
  0.353654   0.324635 
   0.78706   0.764779 
  0.303773   0.621833 
  0.895226   0.371026 
  0.826533   0.689946 
  0.882016   0.838403 
 0.0428307    0.91574 
  0.126303   0.886757 
  0.657641    0.31215 
  0.176953  0.0937665 
  0.438198   0.130704 
  0.403111   0.616673 
   0.65907   0.818176 
  0.863078   0.506517 
  0.020461   0.812062 
  0.892287   0.116336 
  0.530966   0.686129 
  0.911325   0.104303 
  0.863562   0.135778 
  0.949156   0.526916 
  0.675063    0.30761 
  0.386384   0.531532 
    0.3998   0.972229 
  0.422984   0.136027 
0.00724596  0.0461295 
  0.755355   0.609245 
   0.23142   0.947054 
  0.977336    0.93908 
  0.767669   0.303813 
  0.201287   0.898899 
  0.941705    0.50347 
  0.395813   0.204035 
  0.338204   0.582745 
  0.939644   0.264682 
  0.910466   0.966544 
  0.899977  0.0322569 
 0.0491343    0.54631 
  0.525497   0.437298 
  0.124165   0.604043 
  0.458498   0.922779 
  0.995629  0.0824833 
  0.168033   0.572374 
   0.98994   0.691197 
 0.0997128    0.33121 
  0.849323    0.36664 
 0.0440992   0.818151 
   0.14621   0.568614 
   0.22614   0.236927 
  0.669904   0.923865 
  0.610271    0.87536 
  0.277193   0.710463 
  0.925578   0.702957 
  0.718161   0.691279 
  0.912975   0.559045 
     0.924   0.783857 
  0.284149   0.437311 
  0.269035  0.0808377 
  0.904952   0.361864 
  0.297685   0.710197 
  0.696912   0.358724 
  0.423198  0.0406712 
  0.754404  0.0188404 
  0.091805   0.730901 
   0.18433   0.157017 
  0.920112   0.119848 
  0.160485  0.0648043 
  0.295961    0.46631 
  0.700921   0.854922 
  0.951556   0.528244 
  0.661951   0.401097 
0.00493479   0.983859 
  0.449775    0.37236 
  0.970289   0.201306 
  0.953145   0.857891 
  0.235652   0.852096 
  0.194139  0.0892388 
  0.508465    0.86139 
  0.195578    0.75358 
  0.735831   0.211786 
  0.570463   0.404355 
  0.984828  0.0805633 
  0.329026   0.460994 
  0.798499   0.831882 
  0.401455   0.304548 
  0.518731   0.341952 
  0.385557   0.967286 
 0.0750431   0.176723 
0.00716894   0.918711 
  0.745147    0.10498 
  0.802088   0.437704 
  0.385328   0.464447 
  0.517575  0.0874399 
  0.625269   0.864274 
   0.73051   0.777422 
  0.533674   0.734188 
   0.18609   0.922414 
  0.256634    0.21637 
  0.354152   0.194352 
  0.117025   0.903511 
  0.704094   0.368228 
  0.689589   0.918128 
  0.197414   0.761936 
  0.340444   0.834637 
  0.506171   0.767636 
    0.7379   0.950998 
  0.438814    0.98099 
   0.83015   0.395292 
 0.0919378   0.420943 
  0.792289   0.584806 
  0.223064    0.34396 
   0.44365   0.521515 
  0.332268   0.151245 
  0.631041   0.437627 
  0.975092   0.893342 
 0.0832714   0.279972 
  0.782335   0.863335 
  0.233053   0.541031 
  0.710654    0.78888 
  0.509209   0.931741 
  0.998082   0.110897 
  0.592839   0.399961 
  0.351823   0.867436 
  0.151117   0.992184 
  0.844385   0.656386 
  0.530161  0.0570005 
   0.03564   0.206292 
  0.922124   0.296198 
  0.808106  0.0318756 
  0.502097   0.154692 
  0.428148   0.686435 
  0.029453  0.0590613 
  0.314558   0.105774 
  0.419514   0.996387 
 0.0388992   0.550975 
   0.78746   0.939245 
 0.0342084   0.640254 
  0.454745   0.611985 
    0.5301    0.97478 
   0.43069   0.102188 
  0.200122   0.859432 
  0.857564   0.817315 
  0.032104   0.619962 
  0.926926   0.280668 
  0.916126 0.00728837 
  0.765313   0.276458 
  0.453039   0.202585 
   0.78779   0.837601 
  0.475233   0.911453 
  0.017896   0.569431 
  0.794792  0.0535186 
   0.88278   0.830801 
  0.664877   0.546491 
  0.967905   0.247182 
  0.461169   0.681731 
  0.250845   0.073346 
 0.0843541   0.596719 
  0.294156   0.899276 
  0.575344   0.337095 
  0.914416   0.196869 
  0.456902  0.0175353 
  0.814735   0.215237 
  0.288021   0.570748 
  0.689523   0.713387 
    0.9403   0.596765 
    0.2981  0.0454003 
 0.0914661    0.79937 
0.00177626   0.078597 
  0.440414   0.521371 
  0.277101   0.465669 
  0.134016   0.868467 
  0.693066   0.753699 
  0.923752   0.934888 
  0.860082    0.83983 
  0.529711   0.613233 
  0.841448   0.268696 
  0.730027   0.504133 
  0.544899   0.878948 
  0.670858   0.420369 
  0.568336   0.284219 
  0.885208   0.978595 
 0.0290514   0.708555 
   0.54303   0.793338 
  0.851546   0.654819 
  0.411637   0.755677 
 0.0261357   0.928046 
 0.0361637   0.913212 
  0.340793   0.490312 
  0.644008     0.4396 
 0.0740222   0.672504 
   0.25712   0.200501 
   0.16634    0.21858 
  0.538026   0.409088 
  0.349365   0.678922 
  0.840295   0.879427 
  0.754493   0.648868 
  0.986382   0.373337 
  0.481139   0.345106 
  0.262616   0.538281 
  0.639185  0.0336072 
  0.130336    0.94117 
  0.360764   0.793941 
  0.157087   0.694676 
  0.274046   0.131227 
  0.669841   0.178471 
  0.955634   0.933755 
  0.621435   0.354443 
  0.844477   0.268465 
  0.180007   0.172938 
   0.12413   0.525521 
  0.533608   0.577853 
 0.0811899    0.40318 
  0.419272   0.597385 
  0.423289   0.239804 
  0.862869  0.0394968 
 0.0722776   0.185684 
   0.64635   0.269612 
    0.9243   0.722978 
  0.983819   0.591572 
  0.076264  0.0235079 
  0.928406   0.717163 
 0.0255522   0.658086 
  0.986031    0.82767 
  0.333688   0.141758 
  0.457517   0.738667 
  0.263243   0.827637 
  0.990518   0.643628 
  0.879668   0.645929 
  0 0.610271    0.87536 
  0.277193   0.710463 
  0.925578   0.702957 
  0.718161   0.691279 
  0.912975   0.559045 
     0.924   0.783857 
  0.284149   0.437311 
  0.269035  0.0808377 
  0.904952   0.361864 
  0.297685   0.710197 
  0.696912   0.358724 
  0.423198  0.0406712 
  0.754404  0.0188404 
  0.091805   0.730901 
   0.18433   0.157017 
  0.920112   0.119848 
  0.160485  0.0648043 
  0.295961    0.46631 
  0.700921   0.854922 
  0.951556   0.528244 
  0.661951   0.401097 
0.00493479   0.983859 
  0.449775    0.37236 
  0.970289   0.201306 
  0.953145   0.857891 
  0.235652   0.852096 
  0.194139  0.0892388 
  0.508465    0.86139 
  0.195578    0.75358 
  0.735831   0.211786 
  0.570463   0.404355 
  0.984828  0.0805633 
  0.329026   0.460994 
  0.798499   0.831882 
  0.401455   0.304548 
  0.518731   0.341952 
  0.385557   0.967286 
 0.0750431   0.176723 
0.00716894   0.918711 
  0.745147    0.10498 
  0.802088   0.437704 
  0.385328   0.464447 
  0.517575  0.0874399 
  0.625269   0.864274 
   0.73051   0.777422 
  0.533674   0.734188 
   0.18609   0.922414 
  0.256634    0.21637 
  0.354152   0.194352 
  0.117025   0.903511 
  0.704094   0.368228 
  0.689589   0.918128 
  0.197414   0.761936 
  0.340444   0.834637 
  0.506171   0.767636 
    0.7379   0.950998 
  0.438814    0.98099 
   0.83015   0.395292 
 0.0919378   0.420943 
  0.792289   0.584806 
  0.223064    0.34396 
   0.44365   0.521515 
  0.332268   0.151245 
  0.631041   0.437627 
  0.975092   0.893342 
 0.0832714   0.279972 
  0.782335   0.863335 
  0.233053   0.541031 
  0.710654    0.78888 
  0.509209   0.931741 
  0.998082   0.110897 
  0.592839   0.399961 
  0.351823   0.867436 
  0.151117   0.992184 
  0.844385   0.656386 
  0.530161  0.0570005 
   0.03564   0.206292 
  0.922124   0.296198 
  0.808106  0.0318756 
  0.502097   0.154692 
  0.428148   0.686435 
  0.029453  0.0590613 
  0.314558   0.105774 
  0.419514   0.996387 
 0.0388992   0.550975 
   0.78746   0.939245 
 0.0342084   0.640254 
  0.454745   0.611985 
    0.5301    0.97478 
   0.43069   0.102188 
  0.200122   0.859432 
  0.857564   0.817315 
  0.032104   0.619962 
  0.926926   0.280668 
  0.916126 0.00728837 
  0.765313   0.276458 
  0.453039   0.202585 
   0.78779   0.837601 
  0.475233   0.911453 
  0.017896   0.569431 
  0.794792  0.0535186 
   0.88278   0.830801 
  0.664877   0.546491 
  0.967905   0.247182 
  0.461169   0.681731 
  0.250845   0.073346 
 0.0843541   0.596719 
  0.294156   0.899276 
  0.575344   0.337095 
  0.914416   0.196869 
  0.456902  0.0175353 
  0.814735   0.215237 
  0.288021   0.570748 
  0.689523   0.713387 
    0.9403   0.596765 
    0.2981  0.0454003 
 0.0914661    0.79937 
0.00177626   0.078597 
  0.440414   0.521371 
  0.277101   0.465669 
  0.134016   0.868467 
  0.693066   0.753699 
  0.923752   0.934888 
  0.860082    0.83983 
  0.529711   0.613233 
  0.841448   0.268696 
  0.730027   0.504133 
  0.544899   0.878948 
  0.670858   0.420369 
  0.568336   0.284219 
  0.885208   0.978595 
 0.0290514   0.708555 
   0.54303   0.793338 
  0.851546   0.654819 
  0.411637   0.755677 
 0.0261357   0.928046 
 0.0361637   0.913212 
  0.340793   0.490312 
  0.644008     0.4396 
 0.0740222   0.672504 
   0.25712   0.200501 
   0.16634    0.21858 
  0.538026   0.409088 
  0.349365   0.678922 
  0.840295   0.879427 
  0.754493   0.648868 
  0.986382   0.373337 
  0.481139   0.345106 
  0.262616   0.538281 
  0.639185  0.0336072 
  0.130336    0.94117 
  0.360764   0.793941 
  0.157087   0.694676 
  0.274046   0.131227 
  0.669841   0.178471 
  0.955634   0.933755 
  0.621435   0.354443 
  0.844477   0.268465 
  0.180007   0.172938 
   0.12413   0.525521 
  0.533608   0.577853 
 0.0811899    0.40318 
  0.419272   0.597385 
  0.423289   0.239804 
  0.862869  0.0394968 
 0.0722776   0.185684 
   0.64635   0.269612 
    0.9243   0.722978 
  0.983819   0.591572 
  0.076264  0.0235079 
  0.928406   0.717163 
 0.0255522   0.658086 
  0.986031    0.82767 
  0.333688   0.141758 
  0.457517   0.738667 
  0.263243   0.827637 
  0.990518   0.643628 
  0.879668   0.645929 
  0.859815   0.967136 
  0.124912   0.177395 
  0.457897   0.799354 
  0.356944    0.58519 
  0.510497   0.431787 
  0.862012   0.876251 
  0.505348   0.483587 
  0.829421  0.0156852 
  0.844424   0.121826 
  0.301968   0.380979 
  0.214775   0.875727 
  0.590826  0.0608906 
  0.671126   0.546326 
  0.660749   0.497094 
  0.948302   0.706196 
  0.982633   0.974424 
  0.482974   0.298495 
    0.3564   0.444093 
  0.660346   0.823152 
  0.201254   0.204313 
  0.773591   0.619944 
   0.81819   0.913871 
  0.209195   0.749434 
  0.115004   0.454824 
  0.344562     0.9591 
  0.305026   0.137425 
  0.669577   0.250737 
 0.0737188   0.747805 
  0.621896   0.537433 
  0.711672   0.943273 
  0.645704      0.895 
  0.721326   0.485973 
  0.966149   0.908344 
  0.386189   0.824158 
  0.583835   0.613748 
  0.811331   0.515725 
  0.986935   0.524866 
  0.937614   0.995954 
  0.084348   0.267336 
 0.0154735   0.188478 
  0.854026   0.295624 
  0.053897   0.461929 
  0.214791   0.207755 
  0.738242   0.425909 
  0.610397   0.153503 
  0.310547  0.0765327 
  0.820488   0.837044 
  0.928943   0.778863 
  0.484303   0.613568 
  0.984178   0.602826 
  0.841497   0.174976 
  0.894757   0.492105 
  0.200858   0.337829 
  0.864575   0.782614 
  0.618817   0.417469 
  0.112317   0.565176 
  0.298999   0.698037 
 0.0687253   0.391436 
  0.213306   0.500371 
 0.0417348   0.818123 
   0.43769   0.336054 
   0.85191   0.305767 
  0.712377   0.663235 
  0.936238   0.950403 
  0.712395   0.729097 
  0.420271   0.565822 
  0.546464  0.0116444 
  0.658141    0.60515 
  0.966663   0.750592 
  0.743363   0.433476 
    0.8011  0.0770806 
  0.488483   0.431983 
  0.104685   0.231513 
  0.368191   0.458985 
   0.52801   0.382174 
  0.941051   0.146877 
  0.403857   0.527091 
  0.229808   0.543287 
 0.0571807 0.00155514 
  0.575916   0.598878 
  0.826853  0.0727892 
  0.463391   0.997404 
  0.312358   0.127101 
  0.808578   0.829489 
  0.334677   0.954428 
  0.219247   0.608657 
  0.119209   0.626347 
  0.724971   0.135965 
  0.197266   0.464154 
  0.472929   0.701032 
  0.522766   0.607242 
  0.894506   0.134114 
  0.310935   0.666666 
  0.839262   0.197499 
 0.0955962   0.981447 
  0.179707   0.821109 
  0.504103   0.960552 
  0.383928   0.683299 
   0.25231  0.0256674 
  0.553165   0.635844 
  0.855228   0.641098 
  0.436517   0.469245 
  0.561641   0.943492 
   0.90473   0.525651 
0.00341194   0.461136 
  0.401619   0.652571 
 0.0609536   0.429654 
  0.857487 0.00324364 
  0.458517   0.197272 
   0.57432   0.179248 
  0.564414   0.231377 
  0.580317   0.214406 
  0.919105    0.20878 
  0.950319   0.908742 
  0.979454   0.710688 
  0.599486   0.998354 
  0.579621 0.00138599 
 0.0389752   0.674867 
  0.616895   0.408203 
  0.609247   0.948106 
  0.446376   0.789586 
  0.673919   0.348594 
  0.505459   0.603487 
  0.287823   0.476695 
  0.647666  0.0604268 
  0.830496   0.898894 
  0.702376   0.880303 
  0.109478    0.87803 
  0.747796   0.133868 
  0.433442   0.458969 
   0.60741   0.686486 
  0.153661   0.388721 
 0.0591566   0.726566 
  0.171401   0.386127 
  0.272495   0.898216 
  0.920008   0.251372 
  0.954292   0.515167 
  0.309973   0.323604 
  0.720148   0.381842 
  0.142855     0.7769 
  0.179927   0.696671 
  0.501345   0.265818 
  0.248225   0.556691 
  0.598918   0.408314 
  0.166116   0.552211 
  0.601732   0.618242 
  0.748822   0.956406 
  0.923273   0.780105 
  0.344165 0.00937445 
  0.479063    0.26216 
 0.0179138   0.793219 
  0.420449   0.783002 
  0.452365   0.205493 
  0.827975   0.614058 
 0.0669326   0.519774 
  0.878456   0.627754 
  0.854897  0.0480075 
  0.981891   0.691355 
  0.439239   0.390475 
  0.380367   0.903544 
  0.850488   0.780204 
  0.725092    0.17326 
  0.517799  0.0252591 
  0.114932   0.644695 
  0.984483    0.53962 
  0.105762    0.46357 
  0.840186   0.972412 
  0.191572   0.391037 
  0.365801   0.925739 
  0.248557   0.753972 
  0.410653   0.270385 
  0.453433   0.249737 
  0.974123   0.555956 
  0.166182  0.0848875 
 0.0141618 0.00963216 
  0.286533   0.960541 
  0.974899    0.63424 
  0.572933   0.407795 
  0.5.859815   0.967136 
  0.124912   0.177395 
  0.457897   0.799354 
  0.356944    0.58519 
  0.510497   0.431787 
  0.862012   0.876251 
  0.505348   0.483587 
  0.829421  0.0156852 
  0.844424   0.121826 
  0.301968   0.380979 
  0.214775   0.875727 
  0.590826  0.0608906 
  0.671126   0.546326 
  0.660749   0.497094 
  0.948302   0.706196 
  0.982633   0.974424 
  0.482974   0.298495 
    0.3564   0.444093 
  0.660346   0.823152 
  0.201254   0.204313 
  0.773591   0.619944 
   0.81819   0.913871 
  0.209195   0.749434 
  0.115004   0.454824 
  0.344562     0.9591 
  0.305026   0.137425 
  0.669577   0.250737 
 0.0737188   0.747805 
  0.621896   0.537433 
  0.711672   0.943273 
  0.645704      0.895 
  0.721326   0.485973 
  0.966149   0.908344 
  0.386189   0.824158 
  0.583835   0.613748 
  0.811331   0.515725 
  0.986935   0.524866 
  0.937614   0.995954 
  0.084348   0.267336 
 0.0154735   0.188478 
  0.854026   0.295624 
  0.053897   0.461929 
  0.214791   0.207755 
  0.738242   0.425909 
  0.610397   0.153503 
  0.310547  0.0765327 
  0.820488   0.837044 
  0.928943   0.778863 
  0.484303   0.613568 
  0.984178   0.602826 
  0.841497   0.174976 
  0.894757   0.492105 
  0.200858   0.337829 
  0.864575   0.782614 
  0.618817   0.417469 
  0.112317   0.565176 
  0.298999   0.698037 
 0.0687253   0.391436 
  0.213306   0.500371 
 0.0417348   0.818123 
   0.43769   0.336054 
   0.85191   0.305767 
  0.712377   0.663235 
  0.936238   0.950403 
  0.712395   0.729097 
  0.420271   0.565822 
  0.546464  0.0116444 
  0.658141    0.60515 
  0.966663   0.750592 
  0.743363   0.433476 
    0.8011  0.0770806 
  0.488483   0.431983 
  0.104685   0.231513 
  0.368191   0.458985 
   0.52801   0.382174 
  0.941051   0.146877 
  0.403857   0.527091 
  0.229808   0.543287 
 0.0571807 0.00155514 
  0.575916   0.598878 
  0.826853  0.0727892 
  0.463391   0.997404 
  0.312358   0.127101 
  0.808578   0.829489 
  0.334677   0.954428 
  0.219247   0.608657 
  0.119209   0.626347 
  0.724971   0.135965 
  0.197266   0.464154 
  0.472929   0.701032 
  0.522766   0.607242 
  0.894506   0.134114 
  0.310935   0.666666 
  0.839262   0.197499 
 0.0955962   0.981447 
  0.179707   0.821109 
  0.504103   0.960552 
  0.383928   0.683299 
   0.25231  0.0256674 
  0.553165   0.635844 
  0.855228   0.641098 
  0.436517   0.469245 
  0.561641   0.943492 
   0.90473   0.525651 
0.00341194   0.461136 
  0.401619   0.652571 
 0.0609536   0.429654 
  0.857487 0.00324364 
  0.458517   0.197272 
   0.57432   0.179248 
  0.564414   0.231377 
  0.580317   0.214406 
  0.919105    0.20878 
  0.950319   0.908742 
  0.979454   0.710688 
  0.599486   0.998354 
  0.579621 0.00138599 
 0.0389752   0.674867 
  0.616895   0.408203 
  0.609247   0.948106 
  0.446376   0.789586 
  0.673919   0.348594 
  0.505459   0.603487 
  0.287823   0.476695 
  0.647666  0.0604268 
  0.830496   0.898894 
  0.702376   0.880303 
  0.109478    0.87803 
  0.747796   0.133868 
  0.433442   0.458969 
   0.60741   0.686486 
  0.153661   0.388721 
 0.0591566   0.726566 
  0.171401   0.386127 
  0.272495   0.898216 
  0.920008   0.251372 
  0.954292   0.515167 
  0.309973   0.323604 
  0.720148   0.381842 
  0.142855     0.7769 
  0.179927   0.696671 
  0.501345   0.265818 
  0.248225   0.556691 
  0.598918   0.408314 
  0.166116   0.552211 
  0.601732   0.618242 
  0.748822   0.956406 
  0.923273   0.780105 
  0.344165 0.00937445 
  0.479063    0.26216 
 0.0179138   0.793219 
  0.420449   0.783002 
  0.452365   0.205493 
  0.827975   0.614058 
 0.0669326   0.519774 
  0.878456   0.627754 
  0.854897  0.0480075 
  0.981891   0.691355 
  0.439239   0.390475 
  0.380367   0.903544 
  0.850488   0.780204 
  0.725092    0.17326 
  0.517799  0.0252591 
  0.114932   0.644695 
  0.984483    0.53962 
  0.105762    0.46357 
  0.840186   0.972412 
  0.191572   0.391037 
  0.365801   0.925739 
  0.248557   0.753972 
  0.410653   0.270385 
  0.453433   0.249737 
  0.974123   0.555956 
  0.166182  0.0848875 
 0.0141618 0.00963216 
  0.286533   0.960541 
  0.974899    0.63424 
  0.572933   0.407795 
  0.526986   0.896391 
  0.435732   0.955166 
 0.0323931    0.51004 
  0.696767    0.65096 
  0.227811   0.814017 
  0.815835   0.422054 
  0.621269   0.242544 
 0.0908893   0.779315 
  0.114199   0.387262 
  0.323173   0.367231 
  0.338177   0.161055 
  0.449241   0.856286 
  0.212223    0.54312 
  0.649145   0.678078 
  0.217239   0.430229 
  0.415158   0.107573 
  0.890002  0.0736338 
  0.093747   0.185169 
 0.0382217   0.610929 
   0.39588   0.984444 
  0.169774   0.197725 
  0.375214   0.725073 
  0.643976   0.222546 
  0.375117    0.22508 
 0.0404584   0.125951 
  0.445017    0.20218 
  0.247629    0.30531 
  0.725603   0.916396 
  0.770214   0.620871 
  0.300419   0.652976 
  0.751004   0.985539 
 0.0206912   0.557827 
  0.219982   0.560823 
  0.794608   0.306404 
 0.0518071  0.0345393 
  0.847881   0.123648 
    0.1536    0.50127 
  0.451196   0.646667 
  0.359126   0.431897 
  0.619919   0.125769 
  0.552319   0.238576 
  0.277279   0.477992 
  0.504029   0.930727 
  0.389315     0.6746 
  0.927365   0.370864 
  0.572577   0.983522 
  0.254084   0.616567 
  0.659434   0.543309 
  0.630056    0.86228 
  0.746387   0.791057 
  0.625919   0.471653 
   0.19706   0.229174 
  0.168273   0.604339 
  0.126729  0.0348804 
  0.193389   0.937724 
  0.845443  0.0173518 
  0.514623   0.979702 
  0.775349   0.415632 
  0.407459   0.477844 
  0.335888  0.0422316 
  0.420954   0.422054 
  0.296858   0.267024 
  0.901441    0.13873 
  0.101287   0.349253 
  0.734335   0.981839 
  0.655204   0.613758 
  0.808932   0.114033 
 0.0886839   0.961135 
  0.701317   0.886133 
  0.983301   0.237754 
 0.0724588   0.305688 
  0.570368   0.934821 
  0.288793   0.103407 
  0.396565   0.739486 
   0.75849    0.88867 
  0.958393   0.428675 
  0.491188   0.903398 
  0.805969   0.600791 
  0.369014   0.868912 
  0.615176   0.761385 
  0.644974   0.422844 
  0.728644   0.244739 
  0.153125   0.652462 
  0.666069   0.479161 
  0.741231   0.224876 
  0.102884   0.102352 
  0.422029   0.602918 
   0.81533    0.41268 
  0.739184   0.862794 
 0.0987575   0.671496 
  0.858671   0.603254 
  0.152829   0.743311 
   0.87437   0.443851 
   0.93164   0.582621 
  0.831761   0.623994 
  0.970513  0.0649402 
  0.975594   0.189619 
  0.673802   0.658142 
  0.709315   0.279678 
  0.575458   0.443852 
     0.777   0.999767 
 0.0674538   0.976229 
  0.167794   0.394587 
 0.0990065   0.486898 
  0.228682  0.0129156 
  0.338778   0.934582 
  0.508085   0.564578 
  0.312266   0.397962 
  0.809242   0.172858 
0.00608995   0.310798 
  0.966599   0.719886 
    0.4372  0.0436908 
  0.840304   0.786485 
  0.697286   0.326641 
 0.0278283   0.685978 
  0.959676  0.0158098 
  0.796637  0.0895184 
   0.95996   0.707914 
  0.734957   0.748311 
  0.441057   0.692467 
  0.620665   0.807362 
 0.0729886   0.751175 
0.00827966   0.213671 
  0.332706   0.302012 
 0.0345461   0.718397 
  0.861047   0.382634 
  0.948488    0.97298 
  0.785138   0.984338 
  0.850771   0.217276 
  0.506681   0.221935 
  0.158992  0.0631226 
  0.463993   0.854174 
  0.287661   0.873329 
  0.360912   0.644471 
 0.0506778   0.230241 
  0.361625  0.0643792 
  0.278998   0.999723 
   0.75922   0.844194 
   0.15885   0.492051 
  0.607705   0.864841 
  0.789026   0.210402 
  0.829219   0.895924 
  0.453853    0.70016 
  0.282763   0.671141 
  0.121593   0.984849 
  0.308106   0.817676 
    0.6546   0.102384 
  0.233675   0.120034 
  0.239062   0.230401 
  0.353749   0.633455 
  0.539672   0.906038 
   0.87988   0.137626 
 0.0660808   0.844077 
  0.353346   0.435581 
  0.261344   0.840256 
 0.0317996   0.998272 
  0.809471   0.276851 
  0.741848    0.44749 
  0.658145   0.716845 
  0.700953   0.389337 
  0.266391   0.094015 
  0.810123  0.0855629 
   0.56449   0.995524 
  0.912037   0.473017 
  0.138847   0.538467 
  0.519955  0.0229071 
  0.128123    0.34283 
  0.514992    0.94769 
  0.345778   0.094013 
  0.313684   0.248747 
  0.116822   0.200294 
1.23326e-05   0.111201 
  0.335113  0.0471893 
  0.931639   0.136106 
  0.237301   0.340405 
  0.308145   0.924649 
   0.39732  0.0486068 
  0.218362   0.499247 
  0.4426986   0.896391 
  0.435732   0.955166 
 0.0323931    0.51004 
  0.696767    0.65096 
  0.227811   0.814017 
  0.815835   0.422054 
  0.621269   0.242544 
 0.0908893   0.779315 
  0.114199   0.387262 
  0.323173   0.367231 
  0.338177   0.161055 
  0.449241   0.856286 
  0.212223    0.54312 
  0.649145   0.678078 
  0.217239   0.430229 
  0.415158   0.107573 
  0.890002  0.0736338 
  0.093747   0.185169 
 0.0382217   0.610929 
   0.39588   0.984444 
  0.169774   0.197725 
  0.375214   0.725073 
  0.643976   0.222546 
  0.375117    0.22508 
 0.0404584   0.125951 
  0.445017    0.20218 
  0.247629    0.30531 
  0.725603   0.916396 
  0.770214   0.620871 
  0.300419   0.652976 
  0.751004   0.985539 
 0.0206912   0.557827 
  0.219982   0.560823 
  0.794608   0.306404 
 0.0518071  0.0345393 
  0.847881   0.123648 
    0.1536    0.50127 
  0.451196   0.646667 
  0.359126   0.431897 
  0.619919   0.125769 
  0.552319   0.238576 
  0.277279   0.477992 
  0.504029   0.930727 
  0.389315     0.6746 
  0.927365   0.370864 
  0.572577   0.983522 
  0.254084   0.616567 
  0.659434   0.543309 
  0.630056    0.86228 
  0.746387   0.791057 
  0.625919   0.471653 
   0.19706   0.229174 
  0.168273   0.604339 
  0.126729  0.0348804 
  0.193389   0.937724 
  0.845443  0.0173518 
  0.514623   0.979702 
  0.775349   0.415632 
  0.407459   0.477844 
  0.335888  0.0422316 
  0.420954   0.422054 
  0.296858   0.267024 
  0.901441    0.13873 
  0.101287   0.349253 
  0.734335   0.981839 
  0.655204   0.613758 
  0.808932   0.114033 
 0.0886839   0.961135 
  0.701317   0.886133 
  0.983301   0.237754 
 0.0724588   0.305688 
  0.570368   0.934821 
  0.288793   0.103407 
  0.396565   0.739486 
   0.75849    0.88867 
  0.958393   0.428675 
  0.491188   0.903398 
  0.805969   0.600791 
  0.369014   0.868912 
  0.615176   0.761385 
  0.644974   0.422844 
  0.728644   0.244739 
  0.153125   0.652462 
  0.666069   0.479161 
  0.741231   0.224876 
  0.102884   0.102352 
  0.422029   0.602918 
   0.81533    0.41268 
  0.739184   0.862794 
 0.0987575   0.671496 
  0.858671   0.603254 
  0.152829   0.743311 
   0.87437   0.443851 
   0.93164   0.582621 
  0.831761   0.623994 
  0.970513  0.0649402 
  0.975594   0.189619 
  0.673802   0.658142 
  0.709315   0.279678 
  0.575458   0.443852 
     0.777   0.999767 
 0.0674538   0.976229 
  0.167794   0.394587 
 0.0990065   0.486898 
  0.228682  0.0129156 
  0.338778   0.934582 
  0.508085   0.564578 
  0.312266   0.397962 
  0.809242   0.172858 
0.00608995   0.310798 
  0.966599   0.719886 
    0.4372  0.0436908 
  0.840304   0.786485 
  0.697286   0.326641 
 0.0278283   0.685978 
  0.959676  0.0158098 
  0.796637  0.0895184 
   0.95996   0.707914 
  0.734957   0.748311 
  0.441057   0.692467 
  0.620665   0.807362 
 0.0729886   0.751175 
0.00827966   0.213671 
  0.332706   0.302012 
 0.0345461   0.718397 
  0.861047   0.382634 
  0.948488    0.97298 
  0.785138   0.984338 
  0.850771   0.217276 
  0.506681   0.221935 
  0.158992  0.0631226 
  0.463993   0.854174 
  0.287661   0.873329 
  0.360912   0.644471 
 0.0506778   0.230241 
  0.361625  0.0643792 
  0.278998   0.999723 
   0.75922   0.844194 
   0.15885   0.492051 
  0.607705   0.864841 
  0.789026   0.210402 
  0.829219   0.895924 
  0.453853    0.70016 
  0.282763   0.671141 
  0.121593   0.984849 
  0.308106   0.817676 
    0.6546   0.102384 
  0.233675   0.120034 
  0.239062   0.230401 
  0.353749   0.633455 
  0.539672   0.906038 
   0.87988   0.137626 
 0.0660808   0.844077 
  0.353346   0.435581 
  0.261344   0.840256 
 0.0317996   0.998272 
  0.809471   0.276851 
  0.741848    0.44749 
  0.658145   0.716845 
  0.700953   0.389337 
  0.266391   0.094015 
  0.810123  0.0855629 
   0.56449   0.995524 
  0.912037   0.473017 
  0.138847   0.538467 
  0.519955  0.0229071 
  0.128123    0.34283 
  0.514992    0.94769 
  0.345778   0.094013 
  0.313684   0.248747 
  0.116822   0.200294 
1.23326e-05   0.111201 
  0.335113  0.0471893 
  0.931639   0.136106 
  0.237301   0.340405 
  0.308145   0.924649 
   0.39732  0.0486068 
  0.218362   0.499247 
  0.440454   0.432838 
  0.643857  0.0732364 
  0.975519   0.677705 
   0.94053   0.659892 
  0.241236   0.607256 
  0.287106  0.0290729 
  0.980978 0.00409706 
  0.597086    0.50612 
 0.0263428  0.0136799 
  0.406879   0.113984 
  0.104206   0.149884 
  0.229835    0.55908 
  0.366282   0.386747 
  0.874728   0.561827 
  0.127513   0.852458 
  0.240407  0.0309169 
   0.33282   0.607064 
  0.073915   0.581295 
  0.237085  0.0263385 
  0.199401   0.892451 
   0.80568   0.265468 
  0.714901   0.417744 
  0.335058   0.327431 
  0.659427   0.930621 
  0.789501   0.221931 
  0.646934   0.416981 
  0.355004    0.71389 
  0.969141   0.813234 
  0.722002   0.172755 
  0.669627  0.0856187 
  0.571567 0.00891638 
 0.0833561   0.153734 
  0.792403   0.209475 
   0.34699   0.156331 
  0.912045   0.463567 
  0.377075   0.568138 
  0.246661   0.383127 
  0.819013   0.648697 
  0.271882   0.318581 
  0.459025   0.743703 
  0.707358   0.266076 
  0.614225   0.930061 
   0.82625   0.368652 
  0.981287   0.497343 
  0.479911   0.514334 
  0.462255   0.781748 
  0.341639    0.52279 
  0.453815   0.838911 
   0.86953   0.430854 
  0.107374   0.460411 
  0.487921   0.368102 
 0.0569926  0.0349934 
   0.49036   0.527359 
  0.118121   0.756434 
  0.153362   0.731137 
  0.452242   0.669752 
   0.58146  0.0876308 
  0.703285  0.0635829 
  0.755224   0.243127 
  0.598493   0.708712 
  0.315458    0.72788 
  0.522513    0.43594 
   0.55086   0.897913 
   0.55937   0.560587 
  0.115018   0.962477 
  0.499357   0.651697 
  0.954189   0.618656 
  0.319662   0.140572 
  0.961983   0.764805 
  0.631883   0.276925 
   0.84434   0.819176 
  0.596908   0.930223 
  0.711891   0.127626 
   0.80914   0.728393 
  0.880666   0.965292 
  0.652487   0.045143 
   0.40458   0.630275 
  0.620303   0.332455 
  0.813829   0.137631 
  0.106627   0.291436 
  0.580169    0.99659 
  0.167718   0.391278 
  0.798369   0.594429 
  0.748523   0.231449 
  0.587712   0.661615 
  0.879955   0.245162 
  0.707705   0.336776 
  0.348897   0.249011 
  0.899223   0.328553 
  0.326324   0.333386 
   0.44132   0.664105 
  0.475976   0.603942 
  0.423704   0.537916 
 0.0240603    0.25604 
    0.2427   0.745778 
  0.303172   0.502671 
    0.8158   0.224467 
  0.256748    0.83976 
0.00944976   0.174619 
  0.424085   0.157131 
  0.793239   0.283451 
  0.882484   0.196625 
  0.605854   0.537039 
   0.66555   0.847082 
  0.445002   0.130466 
  0.148884   0.789407 
  0.174463   0.969986 
  0.900202   0.982908 
  0.547303   0.266218 
  0.504664   0.492908 
  0.451583   0.726677 
0454   0.432838 
  0.643857  0.0732364 
  0.975519   0.677705 
   0.94053   0.659892 
  0.241236   0.607256 
  0.287106  0.0290729 
  0.980978 0.00409706 
  0.597086    0.50612 
 0.0263428  0.0136799 
  0.406879   0.113984 
  0.104206   0.149884 
  0.229835    0.55908 
  0.366282   0.386747 
  0.874728   0.561827 
  0.127513   0.852458 
  0.240407  0.0309169 
   0.33282   0.607064 
  0.073915   0.581295 
  0.237085  0.0263385 
  0.199401   0.892451 
   0.80568   0.265468 
  0.714901   0.417744 
  0.335058   0.327431 
  0.659427   0.930621 
  0.789501   0.221931 
  0.646934   0.416981 
  0.355004    0.71389 
  0.969141   0.813234 
  0.722002   0.172755 
  0.669627  0.0856187 
  0.571567 0.00891638 
 0.0833561   0.153734 
  0.792403   0.209475 
   0.34699   0.156331 
  0.912045   0.463567 
  0.377075   0.568138 
  0.246661   0.383127 
  0.819013   0.648697 
  0.271882   0.318581 
  0.459025   0.743703 
  0.707358   0.266076 
  0.614225   0.930061 
   0.82625   0.368652 
  0.981287   0.497343 
  0.479911   0.514334 
  0.462255   0.781748 
  0.341639    0.52279 
  0.453815   0.838911 
   0.86953   0.430854 
  0.107374   0.460411 
  0.487921   0.368102 
 0.0569926  0.0349934 
   0.49036   0.527359 
  0.118121   0.756434 
  0.153362   0.731137 
  0.452242   0.669752 
   0.58146  0.0876308 
  0.703285  0.0635829 
  0.755224   0.243127 
  0.598493   0.708712 
  0.315458    0.72788 
  0.522513    0.43594 
   0.55086   0.897913 
   0.55937   0.560587 
  0.115018   0.962477 
  0.499357   0.651697 
  0.954189   0.618656 
  0.319662   0.140572 
  0.961983   0.764805 
  0.631883   0.276925 
   0.84434   0.819176 
  0.596908   0.930223 
  0.711891   0.127626 
   0.80914   0.728393 
  0.880666   0.965292 
  0.652487   0.045143 
   0.40458   0.630275 
  0.620303   0.332455 
  0.813829   0.137631 
  0.106627   0.291436 
  0.580169    0.99659 
  0.167718   0.391278 
  0.798369   0.594429 
  0.748523   0.231449 
  0.587712   0.661615 
  0.879955   0.245162 
  0.707705   0.336776 
  0.348897   0.249011 
  0.899223   0.328553 
  0.326324   0.333386 
   0.44132   0.664105 
  0.475976   0.603942 
  0.423704   0.537916 
 0.0240603    0.25604 
    0.2427   0.745778 
  0.303172   0.502671 
    0.8158   0.224467 
  0.256748    0.83976 
0.00944976   0.174619 
  0.424085   0.157131 
  0.793239   0.283451 
  0.882484   0.196625 
  0.605854   0.537039 
   0.66555   0.847082 
  0.445002   0.130466 
  0.148884   0.789407 
  0.174463   0.969986 
  0.900202   0.982908 
  0.547303   0.266218 
  0.504664   0.492908 
  0.451583   0.726677 
