  1.00e+05 8.931381319960963e-04 3.995666674496690e-04
  2.00e+05 9.561842964616041e-04 2.218998296461550e-04
  3.00e+05 3.625228216330711e-05 1.388750032775832e-04
  4.00e+05 2.581436174535767e-04 9.599016905159630e-05
  5.00e+05 8.916910693237412e-04 7.946964786320621e-05
  6.00e+05 1.078419449315859e-03 5.864276279776703e-05
  7.00e+05 5.627801817000844e-04 3.371281422204220e-05
  8.00e+05 1.005368929355210e-03 5.835306058266099e-05
  9.00e+05 1.462508392586770e-04 4.862501513702711e-05
  1.00e+06 1.014717564746803e-04 4.644813701659700e-05
  1.10e+06 2.228076216481689e-04 2.465957322206336e-05
  1.20e+06 8.706753873264361e-04 3.107990722828191e-05
  1.30e+06 1.520191497320855e-03 3.168588452062693e-05
  1.40e+06 5.090525031326010e-04 2.695928819829163e-05
  1.50e+06 6.835097271111756e-04 3.250013012845443e-05
  1.60e+06 2.021121628019706e-04 3.026184835164258e-05
  1.70e+06 5.632771645256440e-04 2.766598597947478e-05
  1.80e+06 5.696756539075309e-04 1.076285539225452e-05
  1.90e+06 7.092740884173665e-05 2.276303797987822e-05
  2.00e+06 4.268399402000966e-04 2.011010316671502e-05
