# Data points
1 4.76217 0.05
2 4.60517 0.05
3 4.47734 0.05
4 4.27667 0.05
6 3.97029 0.05
9 3.38439 0.05
10 3.22684 0.05
13 2.7213 0.05
15 2.40695 0.05


# Fit
1 4.78729 
2 4.61591 
3 4.44453 
4 4.27315 
6 3.93039 
9 3.41625 
10 3.24487 
13 2.73074 
15 2.38798 


# Fit with uncertainties= +delta(c0)+delta(c1)
1 4.82066 
2 4.65282 
3 4.48497 
4 4.31713 
6 3.98144 
9 3.47791 
10 3.31007 
13 2.80654 
15 2.47085 


# Fit with uncertainties = -delta(c0) - delta(c1)
1 4.75392 
2 4.579 
3 4.40409 
4 4.22917 
6 3.87934 
9 3.3546 
10 3.17968 
13 2.65494 
15 2.30511 
