         0          0
  0.392699   0.382683
  0.785398   0.707107
    1.1781    0.92388
    1.5708          1
    1.9635    0.92388
   2.35619   0.707107
   2.74889   0.382683
   3.14159 1.22465e-16
         0          0
  0.392699   0.707107
  0.785398          1
    1.1781   0.707107
    1.5708 1.22465e-16
    1.9635  -0.707107
   2.35619         -1
   2.74889  -0.707107
   3.14159 -2.44929e-16
         0          0
  0.392699    0.19509
  0.785398   0.382683
    1.1781    0.55557
    1.5708   0.707107
    1.9635    0.83147
   2.35619    0.92388
   2.74889   0.980785
   3.14159          1
