         0          1          1
       0.5    1.64872    1.64872
         1    2.71828    2.71828
       1.5    4.48169    4.48169
         2    7.38906    7.38906
       2.5    12.1825    12.1825
         3    20.0855    20.0855
       3.5    33.1155    33.1155
         4    54.5982    54.5982
       4.5    90.0171    90.0171
         5    148.413    148.413
       5.5    244.692    244.692
         6    403.429    403.429
       6.5    665.142    665.142
         7    1096.63    1096.63
       7.5    1808.04    1808.04
         8    2980.96    2980.96
       8.5    4914.77    4914.77
         9    8103.08    8103.08
       9.5    13359.7    13359.7
