    0.0000     0.0000     0.0000     0.5774     0.5774     0.0000     0.0000
    0.0500     0.0289     0.0289     0.5805     0.5805     0.0007     0.0007
    0.1000     0.0582     0.0582     0.5900     0.5900     0.0029     0.0029
    0.1500     0.0880     0.0880     0.6059     0.6059     0.0065     0.0065
    0.2000     0.1189     0.1189     0.6281     0.6281     0.0117     0.0117
    0.2500     0.1509     0.1509     0.6566     0.6566     0.0185     0.0185
    0.3000     0.1846     0.1846     0.6915     0.6915     0.0268     0.0268
    0.3500     0.2202     0.2202     0.7327     0.7327     0.0369     0.0369
    0.4000     0.2580     0.2580     0.7802     0.7802     0.0489     0.0489
    0.4500     0.2983     0.2983     0.8341     0.8341     0.0628     0.0628
    0.5000     0.3415     0.3415     0.8943     0.8943     0.0788     0.0788
    0.5500     0.3879     0.3879     0.9609     0.9609     0.0970     0.0970
    0.6000     0.4377     0.4377     1.0338     1.0338     0.1176     0.1176
    0.6500     0.4914     0.4914     1.1131     1.1131     0.1408     0.1408
    0.7000     0.5491     0.5491     1.1986     1.1986     0.1668     0.1668
    0.7500     0.6113     0.6113     1.2906     1.2906     0.1958     0.1958
    0.8000     0.6783     0.6783     1.3888     1.3888     0.2280     0.2280
    0.8500     0.7503     0.7503     1.4934     1.4934     0.2637     0.2637
    0.9000     0.8277     0.8277     1.6044     1.6044     0.3032     0.3032
    0.9500     0.9109     0.9109     1.7217     1.7217     0.3466     0.3466
    1.0000     1.0000     1.0000     1.8453     1.8453     0.3943     0.3943
    1.0500     1.0954     1.0954     1.9712     1.9712     0.4467     0.4467
    1.1000     1.1971     1.1971     2.0955     2.0955     0.5040     0.5040
    1.1500     1.3049     1.3049     2.2180     2.2180     0.5665     0.5665
    1.2000     1.4189     1.4189     2.3389     2.3389     0.6346     0.6346
    1.2500     1.5388     1.5388     2.4580     2.4580     0.7085     0.7085
    1.3000     1.6646     1.6646     2.5755     2.5755     0.7886     0.7886
    1.3500     1.7963     1.7963     2.6912     2.6912     0.8751     0.8751
    1.4000     1.9337     1.9337     2.8053     2.8053     0.9683     0.9683
    1.4500     2.0768     2.0768     2.9176     2.9176     1.0685     1.0685
    1.5000     2.2255     2.2255     3.0283     3.0283     1.1761     1.1761
    1.5500     2.3796     2.3796     3.1373     3.1373     1.2912     1.2912
    1.6000     2.5392     2.5392     3.2445     3.2445     1.4141     1.4141
    1.6500     2.7040     2.7040     3.3501     3.3501     1.5452     1.5452
    1.7000     2.8742     2.8742     3.4540     3.4540     1.6846     1.6846
    1.7500     3.0494     3.0494     3.5561     3.5561     1.8327     1.8327
    1.8000     3.2297     3.2297     3.6566     3.6566     1.9896     1.9896
    1.8500     3.4150     3.4150     3.7554     3.7554     2.1557     2.1557
    1.9000     3.6052     3.6052     3.8525     3.8525     2.3312     2.3312
    1.9500     3.8003     3.8003     3.9478     3.9478     2.5163     2.5163
    2.0000     4.0000     4.0000     4.0415     4.0415     2.7113     2.7113
    2.0500     4.2044     4.2044     4.1346     4.1346     2.9164     2.9164
    2.1000     4.4135     4.4135     4.2281     4.2281     3.1318     3.1318
    2.1500     4.6272     4.6272     4.3220     4.3220     3.3578     3.3578
    2.2000     4.8457     4.8457     4.4165     4.4165     3.5946     3.5946
    2.2500     5.0689     5.0689     4.5113     4.5113     3.8425     3.8425
    2.3000     5.2968     5.2968     4.6066     4.6066     4.1016     4.1016
    2.3500     5.5295     5.5295     4.7024     4.7024     4.3722     4.3722
    2.4000     5.7671     5.7671     4.7986     4.7986     4.6546     4.6546
    2.4500     6.0094     6.0094     4.8953     4.8953     4.9490     4.9490
    2.5000     6.2566     6.2566     4.9925     4.9925     5.2557     5.2557
    2.5500     6.5087     6.5087     5.0900     5.0900     5.5748     5.5748
    2.6000     6.7656     6.7656     5.1881     5.1881     5.9066     5.9066
    2.6500     7.0275     7.0275     5.2866     5.2866     6.2514     6.2514
    2.7000     7.2943     7.2943     5.3855     5.3855     6.6094     6.6094
    2.7500     7.5660     7.5660     5.4849     5.4849     6.9809     6.9809
    2.8000     7.8428     7.8428     5.5848     5.5848     7.3661     7.3661
    2.8500     8.1245     8.1245     5.6851     5.6851     7.7653     7.7653
    2.9000     8.4113     8.4113     5.7858     5.7858     8.1787     8.1787
    2.9500     8.7031     8.7031     5.8870     5.8870     8.6065     8.6065
    3.0000     9.0000     9.0000     5.9887     5.9887     9.0491     9.0491
    3.0500     9.3020     9.3020     6.0905     6.0905     9.5066     9.5066
    3.1000     9.6090     9.6090     6.1922     6.1922     9.9793     9.9793
    3.1500     9.9212     9.9212     6.2938     6.2938    10.4676    10.4676
    3.2000    10.2384    10.2384     6.3953     6.3953    10.9715    10.9715
    3.2500    10.5607    10.5607     6.4967     6.4967    11.4915    11.4915
    3.3000    10.8881    10.8881     6.5980     6.5980    12.0277    12.0277
    3.3500    11.2205    11.2205     6.6991     6.6991    12.5804    12.5804
    3.4000    11.5580    11.5580     6.8002     6.8002    13.1498    13.1498
    3.4500    11.9005    11.9005     6.9011     6.9011    13.7363    13.7363
    3.5000    12.2481    12.2481     7.0019     7.0019    14.3400    14.3400
    3.5500    12.6007    12.6007     7.1026     7.1026    14.9612    14.9612
    3.6000    12.9584    12.9584     7.2032     7.2032    15.6001    15.6001
    3.6500    13.3210    13.3210     7.3036     7.3036    16.2571    16.2571
    3.7000    13.6887    13.6887     7.4040     7.4040    16.9323    16.9323
    3.7500    14.0614    14.0614     7.5042     7.5042    17.6261    17.6261
    3.8000    14.4392    14.4392     7.6044     7.6044    18.3385    18.3385
    3.8500    14.8219    14.8219     7.7044     7.7044    19.0701    19.0701
    3.9000    15.2096    15.2096     7.8043     7.8043    19.8208    19.8208
    3.9500    15.6023    15.6023     7.9041     7.9041    20.5911    20.5911
    4.0000    16.0000    16.0000     8.0038     8.0038    21.3811    21.3811
    4.0500    16.4027    16.4027     8.1034     8.1034    22.1912    22.1912
    4.1000    16.8103    16.8103     8.2030     8.2030    23.0215    23.0215
    4.1500    17.2230    17.2230     8.3026     8.3026    23.8723    23.8723
    4.2000    17.6406    17.6406     8.4023     8.4023    24.7439    24.7439
    4.2500    18.0632    18.0632     8.5019     8.5019    25.6364    25.6364
    4.3000    18.4908    18.4908     8.6015     8.6015    26.5503    26.5503
    4.3500    18.9234    18.9234     8.7011     8.7011    27.4856    27.4856
    4.4000    19.3609    19.3609     8.8008     8.8008    28.4427    28.4427
    4.4500    19.8034    19.8034     8.9004     8.9004    29.4218    29.4218
    4.5000    20.2509    20.2509     9.0000     9.0000    30.4231    30.4231
    4.5500    20.7034    20.7034     9.0996     9.0996    31.4470    31.4470
    4.6000    21.1609    21.1609     9.1992     9.1992    32.4935    32.4935
    4.6500    21.6234    21.6234     9.2989     9.2989    33.5631    33.5631
    4.7000    22.0908    22.0908     9.3985     9.3985    34.6560    34.6560
    4.7500    22.5632    22.5632     9.4981     9.4981    35.7723    35.7723
    4.8000    23.0406    23.0406     9.5977     9.5977    36.9124    36.9124
    4.8500    23.5230    23.5230     9.6974     9.6974    38.0764    38.0764
    4.9000    24.0103    24.0103     9.7970     9.7970    39.2647    39.2647
    4.9500    24.5027    24.5027     9.8966     9.8966    40.4775    40.4775
    5.0000    25.0000    25.0000     9.9962     9.9962    41.7151    41.7151
    5.0500    25.5023    25.5023    10.0959    10.0959    42.9776    42.9776
    5.1000    26.0096    26.0096    10.1957    10.1957    44.2654    44.2654
    5.1500    26.5219    26.5219    10.2956    10.2956    45.5787    45.5787
    5.2000    27.0392    27.0392    10.3956    10.3956    46.9177    46.9177
    5.2500    27.5614    27.5614    10.4958    10.4958    48.2827    48.2827
    5.3000    28.0887    28.0887    10.5960    10.5960    49.6739    49.6739
    5.3500    28.6210    28.6210    10.6964    10.6964    51.0916    51.0916
    5.4000    29.1584    29.1584    10.7968    10.7968    52.5361    52.5361
    5.4500    29.7007    29.7007    10.8974    10.8974    54.0076    54.0076
    5.5000    30.2481    30.2481    10.9981    10.9981    55.5062    55.5063
    5.5500    30.8005    30.8005    11.0989    11.0989    57.0324    57.0324
    5.6000    31.3580    31.3580    11.1998    11.1998    58.5864    58.5864
    5.6500    31.9205    31.9205    11.3009    11.3009    60.1683    60.1683
    5.7000    32.4881    32.4881    11.4020    11.4020    61.7785    61.7785
    5.7500    33.0607    33.0607    11.5033    11.5033    63.4172    63.4172
    5.8000    33.6384    33.6384    11.6047    11.6047    65.0847    65.0847
    5.8500    34.2212    34.2212    11.7062    11.7062    66.7812    66.7812
    5.9000    34.8090    34.8090    11.8078    11.8078    68.5069    68.5069
    5.9500    35.4020    35.4020    11.9095    11.9095    70.2621    70.2621
    6.0000    36.0000    36.0000    12.0113    12.0113    72.0472    72.0472
    6.0500    36.6031    36.6031    12.1130    12.1130    73.8622    73.8622
    6.1000    37.2113    37.2113    12.2142    12.2142    75.7076    75.7076
    6.1500    37.8245    37.8245    12.3149    12.3149    77.5834    77.5834
    6.2000    38.4428    38.4428    12.4152    12.4152    79.4901    79.4901
    6.2500    39.0660    39.0660    12.5151    12.5151    81.4278    81.4278
    6.3000    39.6943    39.6943    12.6145    12.6145    83.3968    83.3968
    6.3500    40.3275    40.3275    12.7134    12.7134    85.3973    85.3973
    6.4000    40.9656    40.9656    12.8119    12.8119    87.4296    87.4296
    6.4500    41.6087    41.6087    12.9100    12.9100    89.4940    89.4940
    6.5000    42.2566    42.2566    13.0075    13.0075    91.5906    91.5906
    6.5500    42.9094    42.9094    13.1047    13.1047    93.7197    93.7197
    6.6000    43.5671    43.5671    13.2014    13.2014    95.8816    95.8816
    6.6500    44.2295    44.2295    13.2976    13.2976    98.0765    98.0765
    6.7000    44.8968    44.8968    13.3934    13.3934   100.3046   100.3046
    6.7500    45.5689    45.5689    13.4887    13.4887   102.5662   102.5662
    6.8000    46.2457    46.2457    13.5835    13.5835   104.8616   104.8616
    6.8500    46.9272    46.9272    13.6780    13.6780   107.1909   107.1909
    6.9000    47.6135    47.6135    13.7719    13.7719   109.5544   109.5544
    6.9500    48.3044    48.3044    13.8654    13.8654   111.9523   111.9523
    7.0000    49.0000    49.0000    13.9585    13.9585   114.3849   114.3849
    7.0500    49.7003    49.7003    14.0522    14.0522   116.8524   116.8524
    7.1000    50.4052    50.4052    14.1475    14.1475   119.3550   119.3550
    7.1500    51.1150    51.1150    14.2446    14.2446   121.8930   121.8930
    7.2000    51.8297    51.8297    14.3434    14.3434   124.4666   124.4666
    7.2500    52.5494    52.5494    14.4439    14.4439   127.0761   127.0761
    7.3000    53.2742    53.2742    14.5460    14.5460   129.7216   129.7216
    7.3500    54.0040    54.0040    14.6499    14.6499   132.4036   132.4036
    7.4000    54.7392    54.7392    14.7555    14.7555   135.1221   135.1221
    7.4500    55.4796    55.4796    14.8627    14.8627   137.8776   137.8776
    7.5000    56.2255    56.2255    14.9717    14.9717   140.6702   140.6702
    7.5500    56.9768    56.9768    15.0824    15.0824   143.5002   143.5002
    7.6000    57.7337    57.7337    15.1947    15.1947   146.3679   146.3679
    7.6500    58.4963    58.4963    15.3088    15.3088   149.2737   149.2737
    7.7000    59.2646    59.2646    15.4245    15.4245   152.2177   152.2177
    7.7500    60.0388    60.0388    15.5420    15.5420   155.2002   155.2002
    7.8000    60.8189    60.8189    15.6611    15.6611   158.2216   158.2216
    7.8500    61.6049    61.6049    15.7820    15.7820   161.2822   161.2822
    7.9000    62.3971    62.3971    15.9045    15.9045   164.3822   164.3822
    7.9500    63.1954    63.1954    16.0288    16.0288   167.5220   167.5220
    8.0000    64.0000    64.0000    16.1547    16.1547   170.7019   170.7019
    8.0500    64.8109    64.8109    16.2783    16.2783   173.9221   173.9221
    8.1000    65.6277    65.6277    16.3956    16.3956   177.1831   177.1831
    8.1500    66.4503    66.4503    16.5066    16.5066   180.4850   180.4850
    8.2000    67.2783    67.2783    16.6112    16.6112   183.8282   183.8282
    8.2500    68.1113    68.1113    16.7094    16.7094   187.2129   187.2129
    8.3000    68.9491    68.9491    16.8014    16.8014   190.6394   190.6394
    8.3500    69.7914    69.7914    16.8869    16.8869   194.1079   194.1079
    8.4000    70.6377    70.6377    16.9662    16.9662   197.6186   197.6186
    8.4500    71.4879    71.4879    17.0391    17.0391   201.1717   201.1717
    8.5000    72.3415    72.3415    17.1057    17.1057   204.7675   204.7675
    8.5500    73.1983    73.1983    17.1659    17.1659   208.4059   208.4059
    8.6000    74.0580    74.0580    17.2198    17.2198   212.0873   212.0873
    8.6500    74.9202    74.9202    17.2673    17.2673   215.8118   215.8118
    8.7000    75.7846    75.7846    17.3085    17.3085   219.5794   219.5794
    8.7500    76.6509    76.6509    17.3434    17.3434   223.3903   223.3903
    8.8000    77.5189    77.5189    17.3719    17.3719   227.2445   227.2445
    8.8500    78.3880    78.3880    17.3941    17.3941   231.1422   231.1422
    8.9000    79.2582    79.2582    17.4100    17.4100   235.0833   235.0833
    8.9500    80.1289    80.1289    17.4195    17.4195   239.0680   239.0680
    9.0000    81.0000    81.0000    17.4226    17.4226   243.0962   243.0962
